train_acc = [0.76456195, 0.7646766, 0.76480335, 0.7797426, 0.8366583, 0.846013, 0.87498546, 0.887983, 0.8871202, 0.9043448, 0.9136906, 0.9272988, 0.9325574, 0.9359799, 0.9415097, 0.9468657, 0.94661313, 0.9520065, 0.9576749, 0.95523274, 0.9566235, 0.9601767, 0.9651875, 0.9602745, 0.9661257, 0.9660229, 0.96648115, 0.9691286, 0.9671771, 0.9699697, 0.9704955, 0.9712288, 0.972524, 0.973612, 0.9740255, 0.96594816, 0.9730306, 0.974646, 0.9740297, 0.9730682, 0.9757539, 0.97689164, 0.9765127, 0.97486675, 0.9755269, 0.9770551, 0.974249, 0.97660726, 0.97827137, 0.9786502]
valid_acc = [0.78061694, 0.7849199, 0.7827371, 0.7943807, 0.67281437, 0.7328768, 0.7215428, 0.70166755, 0.7293866, 0.7290451, 0.7272572, 0.83897066, 0.74527407, 0.7687864, 0.8697867, 0.8277572, 0.8245509, 0.8249641, 0.7706425, 0.8413887, 0.85214776, 0.86218303, 0.80061525, 0.8431589, 0.8282936, 0.8868842, 0.8260924, 0.91406155, 0.86348933, 0.8831355, 0.9146692, 0.909818, 0.91490793, 0.8865543, 0.9260881, 0.88964444, 0.91042167, 0.9470744, 0.9528258, 0.9299839, 0.9515424, 0.95859814, 0.94379693, 0.902194, 0.9540885, 0.9586725, 0.94162655, 0.93562585, 0.95438546, 0.9691679]
train_loss = [0.6543519941338322, 0.5760750464702907, 0.49603369413760673, 0.4442197442577596, 0.38834196956534134, 0.34367325797415615, 0.293260439315386, 0.26219509894910614, 0.2650791146514708, 0.23259647445459114, 0.21440935069531725, 0.18976669725880288, 0.18188516619174103, 0.1723424045270995, 0.1609795542531892, 0.14924966112563484, 0.1492034294234033, 0.1358129405661633, 0.12442437317549136, 0.1273588493727801, 0.12347125811012168, 0.11365143128000853, 0.10157573879941513, 0.11329936696902702, 0.09772715531289577, 0.09707103597751834, 0.0967154138182339, 0.08897723473216358, 0.09239777141626467, 0.0865070240474061, 0.08395290802837464, 0.08145958283229877, 0.07832073825493194, 0.07532813230104614, 0.07419883038260434, 0.09380942230161868, 0.07570135635895688, 0.07242826918107376, 0.07249834032304454, 0.07536664255486246, 0.06836416676901934, 0.065337839225928, 0.06595937662610882, 0.0691238402209261, 0.06840613853643861, 0.0644851473339817, 0.07123445660660141, 0.06584706301229042, 0.06085173194214963, 0.05964191601072487]
valid_loss = [0.6604802533984184, 0.6154873172442118, 0.5599933142463366, 0.5266679376363754, 0.508744747688373, 0.43547050406535465, 0.4488033267358939, 0.47387892628709477, 0.44581317777434987, 0.45991843442122143, 0.46852431322137517, 0.33927472308278084, 0.4628877441088359, 0.4339463524520397, 0.29427051916718483, 0.35710475842158, 0.37378478795289993, 0.37530689872801304, 0.4698478306333224, 0.34926849976181984, 0.32606108610828716, 0.30865707496802014, 0.42948575752476853, 0.3409436934938033, 0.3807326213767131, 0.2612512754276395, 0.3834232060859601, 0.2037712006519238, 0.317424351349473, 0.27251152383784455, 0.20208599790930748, 0.2186456105361382, 0.20510514918714762, 0.2666447330266237, 0.18405814841389656, 0.25348964395622414, 0.21399196361502013, 0.1307815390949448, 0.1209746270130078, 0.17111584482093653, 0.12486108982314666, 0.10625717726846536, 0.14513393848513564, 0.23324682066837946, 0.1177571186174949, 0.107553796377033, 0.14405088840673366, 0.15848502796143293, 0.1150512892442445, 0.08235749571273725]

Loss test 0.07779929507523775
Acc test 0.9728167
