train_acc = [0.7614088, 0.76479834, 0.76420516, 0.76498073, 0.7647237, 0.7644964, 0.7672271, 0.76483005, 0.7649568, 0.7643003, 0.7642423, 0.7650428, 0.7646468, 0.76413226, 0.7648229, 0.7647402, 0.76475245, 0.7645994, 0.76446146, 0.7645842, 0.7648671, 0.7646757, 0.76464283, 0.7645151, 0.76443857, 0.76498455, 0.76457965, 0.76435584, 0.7644786, 0.76452, 0.76439285, 0.76453364, 0.7645769, 0.76450855, 0.76502305, 0.76471263, 0.76403356, 0.7641347, 0.7646468, 0.76472783, 0.7644015, 0.7646494, 0.7647885, 0.76442486, 0.7642132, 0.7643799, 0.76442564, 0.7645906, 0.76485926, 0.7644222]
valid_acc = [0.78323394, 0.78003615, 0.78308487, 0.7758104, 0.7799034, 0.78809613, 0.8210991, 0.78521127, 0.78341585, 0.7858143, 0.78461415, 0.77763826, 0.78472376, 0.785569, 0.77382255, 0.78224677, 0.78473765, 0.78143376, 0.78768057, 0.77208096, 0.79083514, 0.78692317, 0.7812397, 0.7822698, 0.7806069, 0.7825443, 0.77737266, 0.78439707, 0.7749364, 0.78276896, 0.78982574, 0.7784316, 0.7799659, 0.7804947, 0.7775776, 0.78577614, 0.7851348, 0.77847576, 0.7763037, 0.7888116, 0.7835491, 0.78113073, 0.7833298, 0.7814769, 0.7790556, 0.7865785, 0.77895886, 0.7842641, 0.78231686, 0.7817958]
train_loss = [0.579366613898361, 0.5456670946196506, 0.5459145223885252, 0.5449876278115992, 0.5452972953779656, 0.5455334058456254, 0.5371224012291222, 0.5380353906698394, 0.5451170982498872, 0.545725109807232, 0.5459279666344324, 0.5449640183595189, 0.5454200310142416, 0.5460246767391238, 0.5452043516071219, 0.545288212728082, 0.545292022458294, 0.5454726723725336, 0.5456525806272239, 0.5454737685228649, 0.545135817768281, 0.5453800776025706, 0.5454253170051073, 0.5455684308942995, 0.5456616996150268, 0.5450212798620525, 0.5454810978027812, 0.5457563523137778, 0.5456053102225588, 0.5455299908654732, 0.5457024887988442, 0.5455588533690101, 0.5454964002496318, 0.5455745918708935, 0.5449616292066741, 0.5453166927684817, 0.5461119089210242, 0.5459880238039452, 0.5453804297405377, 0.5453116956510042, 0.5457108805054113, 0.5454015337061464, 0.5452354571275544, 0.5456834490361967, 0.5459285666022384, 0.5457274500738111, 0.5456671727853909, 0.5454634822774351, 0.5451608454449135, 0.5456652970690477]
valid_loss = [0.5276486997803053, 0.5278051644563675, 0.5237877244750658, 0.5322236654659113, 0.527435606966416, 0.5182605050504208, 0.44334307685494423, 0.520261694987615, 0.5234901507695516, 0.5214997977018356, 0.5223896900812784, 0.5301862359046936, 0.5218056328594685, 0.52090352276961, 0.5346512260536352, 0.5248695984482765, 0.521978867550691, 0.5256282662351927, 0.5183518926302592, 0.5368293635547161, 0.5149426211913427, 0.519440001497666, 0.5260015005866686, 0.5248978125552336, 0.5266908667981625, 0.5243481794993082, 0.5306343138217926, 0.522296437372764, 0.533531978726387, 0.5238969636460146, 0.5160935943325361, 0.5292238270243009, 0.5275390185415745, 0.5267596046129862, 0.5302463310460249, 0.5204009699324766, 0.5212070308625698, 0.5291241047283014, 0.53207499285539, 0.5174391952653726, 0.5232242134710153, 0.5261755983034769, 0.5233977921307087, 0.5256610264380773, 0.5284909990926584, 0.519855352739493, 0.5285212149222692, 0.5224748353163401, 0.5245757301648458, 0.5253929607570171]

Loss test 0.5530857418974241
Acc test 0.75824004
