train_acc = [0.7594845, 0.76423323, 0.76423496, 0.764932, 0.76456946, 0.76443803, 0.76453096, 0.7649074, 0.7646072, 0.7644979, 0.7649892, 0.76452565, 0.7644739, 0.76475865, 0.76419675, 0.7647911, 0.7645078, 0.7642542, 0.7644839, 0.7646546, 0.7644424, 0.76438016, 0.764334, 0.7643532, 0.76437247, 0.76460487, 0.7644061, 0.76457906, 0.7648118, 0.7647316, 0.76465386, 0.76450354, 0.7644415, 0.7642766, 0.7646469, 0.7648909, 0.7644969, 0.7647607, 0.7645341, 0.763913, 0.7644625, 0.7647265, 0.76463133, 0.76454794, 0.76464427, 0.76461315, 0.76394755, 0.7646276, 0.7648189, 0.76482105]
valid_acc = [0.78132707, 0.782983, 0.7816841, 0.79195404, 0.7723916, 0.7809474, 0.78282547, 0.78739434, 0.77867365, 0.7798915, 0.78200847, 0.7833891, 0.7792228, 0.77945584, 0.77881175, 0.7776391, 0.7891354, 0.7768902, 0.78325933, 0.78013736, 0.788109, 0.7795758, 0.7810127, 0.7813914, 0.78312856, 0.7840109, 0.7804141, 0.7860578, 0.7846492, 0.7769721, 0.7891457, 0.77118665, 0.77909213, 0.78486156, 0.7795827, 0.78454065, 0.7830549, 0.7839845, 0.7824097, 0.7896591, 0.7763603, 0.78100395, 0.78095365, 0.78318816, 0.7802415, 0.7830901, 0.7863195, 0.77965146, 0.7834026, 0.7796061]
train_loss = [0.55814626080948, 0.5459666490031961, 0.5459543171159008, 0.5451456203795316, 0.5455580907955504, 0.5457397942480288, 0.5456132718868423, 0.5451227321959379, 0.5455219460683957, 0.5456429884621972, 0.5450772836542966, 0.5455417478816551, 0.5456934853603965, 0.5453186704401385, 0.5460060194396136, 0.545320245519019, 0.5456357914627644, 0.5459418879789218, 0.5456218795295347, 0.5454216385096834, 0.5457346719085124, 0.5457819049295626, 0.5457524539608705, 0.5458127668029383, 0.545816511438604, 0.5455381297751477, 0.5457105670581784, 0.5455811146581382, 0.5452743405312822, 0.5452843784240254, 0.5455129102133868, 0.5456494330837015, 0.545724369716226, 0.5459016467395582, 0.5453910093035614, 0.5452290885803992, 0.5455816233890098, 0.5453878089524152, 0.5456206571114691, 0.5463250561764366, 0.5456782906201848, 0.5453798538237288, 0.5455279049643299, 0.5455524748877475, 0.5454697859914679, 0.5455104606716257, 0.5462649579633746, 0.5454871176104796, 0.5452476083709482, 0.5452697198641928]
valid_loss = [0.5258253316084543, 0.5238915930191675, 0.5252390764653683, 0.512705939511458, 0.536262035369873, 0.526729599883159, 0.5244007147848606, 0.5185975382725397, 0.5293442358573278, 0.5283226395646731, 0.5252800310651461, 0.5228886008262634, 0.5279508742193381, 0.5280792191624641, 0.5292179957032204, 0.5304153176645438, 0.5171251085897287, 0.5311571632822355, 0.5242608276506265, 0.5271007157862186, 0.5176045770446459, 0.5280518184105555, 0.5259154674907526, 0.5255031784375509, 0.5235498485465845, 0.5231546871364117, 0.526441927999258, 0.520106832186381, 0.5221760869026184, 0.5322393874327341, 0.5164010984202226, 0.5378847060104212, 0.5285346905390421, 0.5215893487135569, 0.5274289635320505, 0.5215088265637556, 0.5246620401740074, 0.5226754148801168, 0.5247824415564537, 0.5164491000274817, 0.531857735166947, 0.5264214091002941, 0.5263102228442827, 0.5234275733431181, 0.5275187815229098, 0.5241144771377245, 0.5196619170407454, 0.5276371637980143, 0.5234520311156908, 0.5280387798945109]

Loss test 0.5527092044552168
Acc test 0.7585449
