train_acc = [0.7644963, 0.79649395, 0.8048851, 0.83219236, 0.8311904, 0.86486536, 0.889257, 0.8857564, 0.90356064, 0.91410667, 0.9251405, 0.9405051, 0.93545055, 0.95527095, 0.92951703, 0.95807594, 0.9621748, 0.95936465, 0.9699277, 0.9775692, 0.9635692, 0.9762725, 0.9814744, 0.9633789, 0.9806645, 0.97332066, 0.9833228, 0.9842061, 0.9833543, 0.985721, 0.98611385, 0.98544145, 0.9866898, 0.9868236, 0.9868511, 0.9752607, 0.9847388, 0.98736364, 0.98769903, 0.98763037, 0.98807794, 0.97701395, 0.9876543, 0.98778474, 0.9877401, 0.98860574, 0.98841965, 0.9889181, 0.988916, 0.98918545]
valid_acc = [0.8305097, 0.82352525, 0.8108241, 0.86993694, 0.8262275, 0.77831507, 0.90633696, 0.8718912, 0.88219637, 0.84244967, 0.86942005, 0.75046664, 0.96163636, 0.92499274, 0.94414, 0.92634076, 0.97022206, 0.77852917, 0.95211476, 0.96809626, 0.95623875, 0.9628291, 0.9603122, 0.96517634, 0.97185326, 0.97655565, 0.9733601, 0.9694262, 0.974199, 0.9760878, 0.9684251, 0.9750213, 0.9757015, 0.97934335, 0.9753228, 0.9784433, 0.9687812, 0.98044705, 0.9732604, 0.9768397, 0.9765815, 0.9789297, 0.97616917, 0.9746733, 0.9780962, 0.9769332, 0.9816046, 0.9821586, 0.9804377, 0.9812277]
train_loss = [0.577954441831823, 0.39651805502280857, 0.37616488115306485, 0.33884625267564206, 0.3302130357999551, 0.2851496538833568, 0.2521590419244348, 0.28600074481545834, 0.2365544400455659, 0.21491487402664988, 0.18989298695273565, 0.1553731467248055, 0.1628933249270184, 0.1235485238660323, 0.1743114580187881, 0.10634141833635799, 0.10115502879284975, 0.1075285459590847, 0.08447529346142944, 0.0611043518343777, 0.09938245397387889, 0.06521139548797357, 0.05145897275131, 0.09062219996070653, 0.053950359848769086, 0.06970743186314378, 0.045838849390285055, 0.04326947788266759, 0.04576392935817702, 0.039226213894915166, 0.038293763096526004, 0.03989380620942827, 0.036271674966995134, 0.03596432132875187, 0.035899289132079536, 0.06277126658773213, 0.04035933598418508, 0.03413143902690264, 0.03360302623753485, 0.03368567760314858, 0.03213053216275416, 0.0566463169167962, 0.03308175973136697, 0.032633597031235695, 0.03299124973515669, 0.030507411260419247, 0.03115352079795118, 0.02961368787739622, 0.029475997406335778, 0.028745854534862333]
valid_loss = [0.40134680767854053, 0.34981951490044594, 0.35189864536126453, 0.2915221204360326, 0.3289283023526271, 0.37025238821903866, 0.21985168817142645, 0.28774854106207687, 0.2563509481648604, 0.35458200549085933, 0.30157629555712145, 0.6269495983918508, 0.10489941000317533, 0.19251449219882488, 0.1454281771245102, 0.19499736403425535, 0.0865413771631817, 0.5499694291502237, 0.13449314826478562, 0.09414075951402386, 0.12397994908193748, 0.10931333100112776, 0.11878788160781066, 0.10419931231687467, 0.07474468213816483, 0.06677308725193143, 0.08020106190815568, 0.09383739236121376, 0.07609029517819484, 0.072354277363047, 0.09617226586366694, 0.07817355853815873, 0.07464245543815196, 0.06357138394378126, 0.07344787583375971, 0.05968997076464196, 0.09775664556461076, 0.05739914245593051, 0.08726052544079721, 0.07364425016567111, 0.07030522994076212, 0.06217055472855767, 0.07756530027836561, 0.07910196188216408, 0.0689862893583874, 0.0730881152364115, 0.05584546644240618, 0.053771398573492966, 0.05896354024298489, 0.05767522364233931]

Loss test 0.05594436622535189
Acc test 0.9836491
