train_acc = [0.7649363, 0.76427346, 0.76470417, 0.7644175, 0.76421374, 0.76493824, 0.76453257, 0.7645718, 0.76469463, 0.7642006, 0.76441115, 0.76457906, 0.76478285, 0.7645679, 0.7644279, 0.7648115, 0.76442546, 0.76457375, 0.76451266, 0.76454294, 0.76469547, 0.76433176, 0.76432437, 0.76428425, 0.76465774, 0.764796, 0.76474047, 0.7647286, 0.76484305, 0.76455414, 0.7647445, 0.7647238, 0.7645584, 0.7643898, 0.7647914, 0.7644812, 0.7646413, 0.76493186, 0.7642884, 0.7646471, 0.7645691, 0.76474774, 0.7647624, 0.7645788, 0.7647362, 0.76425534, 0.76456577, 0.76501346, 0.76448727, 0.76440716]
valid_acc = [0.7813368, 0.7801485, 0.78603584, 0.7814471, 0.77790076, 0.79064655, 0.7743051, 0.7803008, 0.7781453, 0.7819133, 0.7801823, 0.7885806, 0.7860387, 0.774337, 0.7915797, 0.7818246, 0.78303653, 0.77925795, 0.7832753, 0.7811244, 0.785322, 0.7851022, 0.7788374, 0.78184223, 0.78058463, 0.78260136, 0.7813919, 0.78497773, 0.7855515, 0.77767414, 0.77661276, 0.785505, 0.7856705, 0.7754131, 0.7824617, 0.78296137, 0.7848146, 0.7747714, 0.7846775, 0.7788367, 0.7826641, 0.78362995, 0.77749616, 0.7896068, 0.7796518, 0.7766149, 0.77735585, 0.7856639, 0.7819297, 0.78070146]
train_loss = [3.507437207196888, 3.632038904909502, 3.625434055662992, 3.629827386454532, 3.6329624203213475, 3.6217778251882184, 3.6280551814196405, 3.6274468982428836, 3.62553360169394, 3.6331693226831003, 3.6299339240057424, 3.6273373292203535, 3.62417537496801, 3.6274921873159576, 3.6296515768034414, 3.6237798594591912, 3.6296884511646472, 3.627495138268722, 3.62834376201295, 3.627874646270484, 3.625527501106262, 3.6311706869225753, 3.631256024042765, 3.6318660451654803, 3.626100678192942, 3.6239963759455764, 3.624827490563978, 3.6251249982599627, 3.6232434511184692, 3.627704373577185, 3.6247681755768624, 3.625080418168453, 3.6276548097008154, 3.6302320789872553, 3.6240511317002144, 3.6288904286267463, 3.6263573462503, 3.6219561560112132, 3.631815895699618, 3.6262892735631844, 3.6274708112080893, 3.62472188891026, 3.6244924465815225, 3.62732147752193, 3.6249522922331825, 3.632312634535003, 3.6275209146633483, 3.620654444945486, 3.628733710238808, 3.6299702661079274]
valid_loss = [3.371322880188624, 3.3896279533704123, 3.299112230539322, 3.369666983683904, 3.4241785208384194, 3.2276692489782968, 3.4795468747615814, 3.3875018656253815, 3.420464406410853, 3.362266888221105, 3.3888655801614127, 3.2598527371883392, 3.299044211705526, 3.4785706599553428, 3.214226891597112, 3.363741954167684, 3.3448152442773185, 3.4030533830324807, 3.341426889101664, 3.374444842338562, 3.3098632792631784, 3.3134182890256247, 3.4096508622169495, 3.363465209801992, 3.382861167192459, 3.3516366680463157, 3.370420684417089, 3.315104305744171, 3.3063408037026725, 3.4271643261114755, 3.4443094034989676, 3.3072737952073417, 3.3043829103310904, 3.4621510257323584, 3.353826661904653, 3.346890687942505, 3.3178220093250275, 3.472190340360006, 3.319553335507711, 3.4100237488746643, 3.350780487060547, 3.335905452569326, 3.4300322433312735, 3.243652731180191, 3.3974653085072837, 3.4440448582172394, 3.4325763483842215, 3.304586340983709, 3.3621131082375846, 3.380762885014216]

Loss test 3.7296601136525473
Acc test 0.7581175
