train_acc = [0.7647101, 0.76451176, 0.7645965, 0.76436037, 0.7644305, 0.76455265, 0.7647815, 0.76460665, 0.7646019, 0.76443815, 0.76464415, 0.7645415, 0.76440734, 0.76480436, 0.7648326, 0.7646292, 0.7648246, 0.7643797, 0.76451707, 0.76486635, 0.76467234, 0.7647996, 0.76451385, 0.7639255, 0.7644541, 0.7647571, 0.764645, 0.8531816, 0.92251384, 0.92875147, 0.9243403, 0.9270668, 0.9277128, 0.92420816, 0.93389386, 0.93457925, 0.93678087, 0.94039685, 0.9404564, 0.93722445, 0.9442642, 0.9429495, 0.9433638, 0.94538224, 0.94627583, 0.9494786, 0.9490056, 0.9498317, 0.9526684, 0.95142]
valid_acc = [0.7826324, 0.78309625, 0.7792339, 0.77737355, 0.7814811, 0.7851615, 0.7782647, 0.7808129, 0.7828924, 0.77385616, 0.7852581, 0.78729725, 0.7743433, 0.78865224, 0.7779431, 0.779514, 0.7858861, 0.7802785, 0.7736395, 0.7854412, 0.77948636, 0.7860406, 0.7796127, 0.7855399, 0.7828538, 0.78278095, 0.7789278, 0.81386405, 0.8245682, 0.8104432, 0.82186764, 0.8190387, 0.6699694, 0.8626726, 0.850751, 0.8702143, 0.8776807, 0.8829344, 0.8918212, 0.8476617, 0.86682874, 0.9124446, 0.86129427, 0.8900669, 0.8522408, 0.8896106, 0.88180715, 0.8937754, 0.8908946, 0.80515224]
train_loss = [0.6701770372558058, 0.642515550579941, 0.6044249137242635, 0.5565820307585231, 0.5126946735800358, 0.479199234853711, 0.448924545133323, 0.42289172060656965, 0.39988412747257635, 0.380902115713086, 0.36880304912726086, 0.3599899030829731, 0.3437009483837245, 0.3525389133576761, 0.33122670362915907, 0.3252084846036476, 0.31301897515853244, 0.3110942585687888, 0.31793130097682015, 0.2896101145367873, 0.29790393067033666, 0.27566847322802795, 0.2854158941068147, 0.26963151716872263, 0.2670540810938467, 0.2857015310672292, 0.2698865178645703, 0.2609397672247468, 0.2551020340699899, 0.249649734219961, 0.2524909540488009, 0.24962932969394483, 0.2495757845932977, 0.2527065589501147, 0.24207645458610436, 0.2407939798737827, 0.23900684596676575, 0.23513785566677126, 0.23248881650598427, 0.23651488635100817, 0.22895710719259163, 0.22880308382343828, 0.2286385678147015, 0.22552951477598726, 0.22470524214338838, 0.2208365896030476, 0.21956779258815864, 0.2197900907250873, 0.21625310313283352, 0.21674975569833788]
valid_loss = [0.6765874698758125, 0.6620696236689886, 0.6422864447037379, 0.6191450829307238, 0.5865223333239555, 0.5649495348334312, 0.5478286805252234, 0.5228416708608469, 0.5025775457421938, 0.49744823078314465, 0.4583088383078575, 0.45406535516182583, 0.4572289437055588, 0.4499570019543171, 0.44135720034440357, 0.46126458172996837, 0.44904813294609386, 0.4338257424533367, 0.4272749423980713, 0.4151852975289027, 0.4119710214436054, 0.4207785079876582, 0.39934098720550537, 0.430100596199433, 0.4696390690902869, 0.4132496602833271, 0.38027502472201985, 0.34652989730238914, 0.3467990954717, 0.3864272783199946, 0.3718714602291584, 0.37182973821957904, 0.4530857354402542, 0.3316830446322759, 0.34457070132096607, 0.3290936357031266, 0.3206405558933814, 0.31268759320179623, 0.297764311855038, 0.3420308157801628, 0.32252976298332214, 0.2836375373105208, 0.3273074838022391, 0.2972024728854497, 0.33072943178315956, 0.2995900269597769, 0.299087713782986, 0.290355684235692, 0.2927415395776431, 0.3568881930162509]

Loss test 0.34788180018464726
Acc test 0.8350954
