train_acc = [0.75504285, 0.76448363, 0.7642619, 0.76439875, 0.8629959, 0.89256835, 0.90281385, 0.91790235, 0.9319836, 0.9260305, 0.92651415, 0.9425087, 0.951824, 0.9615108, 0.95650417, 0.96624625, 0.96942866, 0.9698208, 0.97830105, 0.9791844, 0.97869164, 0.98082364, 0.98070264, 0.9453567, 0.9645798, 0.97683054, 0.9791199, 0.9819022, 0.98338336, 0.980538, 0.9825905, 0.9833632, 0.98508084, 0.9815687, 0.9849953, 0.98561215, 0.9855512, 0.9853763, 0.98592955, 0.9864478, 0.9852278, 0.98673624, 0.986677, 0.9872849, 0.98698527, 0.9865045, 0.9872839, 0.98762196, 0.9875569, 0.9875664]
valid_acc = [0.78297216, 0.78001565, 0.78501034, 0.7799106, 0.7996046, 0.8360729, 0.89787465, 0.8905006, 0.8857998, 0.89143115, 0.9339137, 0.9390621, 0.9636008, 0.95957536, 0.94999784, 0.94131726, 0.9679289, 0.9713254, 0.9759092, 0.96580505, 0.97778225, 0.9736454, 0.97863084, 0.972177, 0.9763282, 0.9757312, 0.97528976, 0.98067784, 0.9783354, 0.97706395, 0.97730666, 0.979676, 0.9703286, 0.9810783, 0.9802095, 0.97927874, 0.98144054, 0.9805383, 0.9817729, 0.98330784, 0.98177433, 0.9817659, 0.98285264, 0.982228, 0.9834158, 0.9829755, 0.9838529, 0.9830417, 0.98286676, 0.9828698]
train_loss = [0.5061918277489511, 0.4034671153415713, 0.3942414922149558, 0.3681772102912267, 0.29685615303746443, 0.24979507256495326, 0.2323761233373692, 0.20809614847888025, 0.17800109585126242, 0.19293688747443652, 0.19210968774400258, 0.1582086800613947, 0.13184905405107297, 0.1080732195915883, 0.12203099189750981, 0.09504647111814273, 0.08440210359791915, 0.08290414198448784, 0.06081030347891021, 0.058083342257560344, 0.05842696014268879, 0.05281795453476278, 0.05268930609485036, 0.13633958397335127, 0.09283525205887201, 0.0634142732607168, 0.05672901161341814, 0.04931941870273205, 0.045363813589670156, 0.0522278528170366, 0.04732446397017492, 0.0455273013529286, 0.04046949219742888, 0.049604804451136214, 0.04051259671452276, 0.03896171900264004, 0.03890446555522973, 0.03923341787109772, 0.03799832406404771, 0.03646018624044301, 0.03974497084620229, 0.03548505541198609, 0.03578106086831866, 0.03433725781934826, 0.03488358977789942, 0.03644932015684613, 0.03418282324676974, 0.03304117980102698, 0.03312274390472132, 0.033335693899476736]
valid_loss = [0.4660850887497266, 0.4211147762835026, 0.3790280061463515, 0.38528674220045406, 0.36047944985330105, 0.32963929635783035, 0.2666835443427165, 0.2560314138730367, 0.24932465640207133, 0.2529082217564185, 0.18374309223145247, 0.1578128176430861, 0.10904716141521931, 0.11006745649501681, 0.12350924654553334, 0.14140636070321003, 0.09050743468105793, 0.07985002904509504, 0.0668629448240002, 0.09274919082721074, 0.06355741154402494, 0.07358249478663008, 0.05899696874742707, 0.0784064712934196, 0.06594980422717829, 0.06826237821951509, 0.06990196524808805, 0.05453458110180994, 0.05996327901569506, 0.061545665841549635, 0.06282721863438685, 0.054689903277903795, 0.08730910687396924, 0.05147492877828578, 0.05370345882450541, 0.05739932072659334, 0.04731991716350118, 0.051807226380333304, 0.047112316669275366, 0.04345686656112472, 0.04997859227781495, 0.04785887299415966, 0.04449704855990907, 0.04721985446910063, 0.04291400220245123, 0.04651825005809466, 0.0441193300842618, 0.043735391149918236, 0.04645861405879259, 0.045135539335509144]

Loss test 0.05141343649787208
Acc test 0.9825441
