train_acc = [0.7205346, 0.7666439, 0.7679483, 0.77202964, 0.7756871, 0.7792371, 0.78221816, 0.78537965, 0.790345, 0.79460543, 0.798449, 0.8017584, 0.8040719, 0.80536264, 0.80590475, 0.80740124, 0.81001574, 0.8112304, 0.81476873, 0.814984, 0.8216746, 0.8210278, 0.82817584, 0.83009905, 0.83729887, 0.8383467, 0.84475267, 0.8482674, 0.8499447, 0.8543441, 0.8563211, 0.86060274, 0.86445487, 0.8636628, 0.8695103, 0.8726628, 0.8695031, 0.87805027, 0.87918305, 0.8773182, 0.88364744, 0.8765607, 0.8878653, 0.88932323, 0.89258915, 0.88791, 0.8972325, 0.8912866, 0.89912367, 0.9019439]
valid_acc = [0.78137714, 0.7790516, 0.7882695, 0.7788895, 0.7830143, 0.7897682, 0.77718973, 0.78042316, 0.7882506, 0.77479106, 0.7871317, 0.77572185, 0.7924517, 0.77710456, 0.7822191, 0.78147525, 0.77240664, 0.79037064, 0.7743619, 0.7845405, 0.7748842, 0.78269845, 0.781326, 0.77964586, 0.77524614, 0.7681722, 0.7548161, 0.7273803, 0.69298893, 0.6911912, 0.69963783, 0.6854071, 0.69919556, 0.6742863, 0.6868141, 0.72564936, 0.70407325, 0.6979213, 0.7407097, 0.70291996, 0.7016241, 0.6821119, 0.6966677, 0.7289608, 0.7244517, 0.67989856, 0.7209136, 0.7131667, 0.7305575, 0.7337168]
train_loss = [0.6886711334973051, 0.6752801208119643, 0.6490151186784109, 0.619999463098091, 0.5991929712002737, 0.5816890665313654, 0.5667016208171844, 0.5524004838968578, 0.5397130530654338, 0.5275996285572386, 0.5173313458237732, 0.5078968450165632, 0.4989462774573711, 0.4902139645919465, 0.48128851254781085, 0.4723334061472039, 0.465471323122058, 0.45742135926296834, 0.44867869950177375, 0.4410094077649869, 0.4303729155084543, 0.4241918793372941, 0.41392577008197184, 0.4068938574770041, 0.39760317091356245, 0.3907635789691356, 0.37958108202407237, 0.3718442245010744, 0.365636892224613, 0.356889598463711, 0.34947441178455685, 0.34131447278093874, 0.3328286503490649, 0.3276252162299658, 0.32017374548472854, 0.31021993698781, 0.3083869588741085, 0.2968425042273706, 0.29218250957497377, 0.29445208948955204, 0.2782331431905429, 0.29217339673063214, 0.27014695905279695, 0.2678808582979336, 0.26145253657248985, 0.2650290232217103, 0.24868118318549373, 0.26071926075638385, 0.2452014564422139, 0.23898104565185413]
valid_loss = [0.6885187303026518, 0.6770324259996414, 0.66658632705609, 0.6563148448864619, 0.6507405589024226, 0.63756163418293, 0.628775437672933, 0.6226330101490021, 0.6168150156736374, 0.6018062109748522, 0.6085107177495956, 0.5934044296542803, 0.5869659011562666, 0.5781564489006996, 0.5724340006709099, 0.5718114400903384, 0.5679578818380833, 0.5539615377783775, 0.5519826424618562, 0.5471814585228761, 0.5381430635849634, 0.5359507066508135, 0.5326157212257385, 0.5214988390604655, 0.5123385824263096, 0.5161709276338419, 0.49854468554258347, 0.5063848222295443, 0.49566638842225075, 0.48187311738729477, 0.4846878635386626, 0.4915226822098096, 0.48500050355990726, 0.4955099622408549, 0.4849516563117504, 0.4577123038470745, 0.47515688588221866, 0.4707079268991947, 0.4502473436295986, 0.4726027585566044, 0.4644562092920144, 0.48594624424974125, 0.4760962513585885, 0.4544308806459109, 0.45098842307925224, 0.4922002429763476, 0.46204785878459614, 0.4692431278526783, 0.45244328677654266, 0.4499817018707593]

Loss test 0.4303606723745664
Acc test 0.7730015
