train_acc = [0.7646243, 0.7647292, 0.76439214, 0.76463485, 0.76465446, 0.76457435, 0.7647445, 0.7643694, 0.7645149, 0.7645362, 0.76448995, 0.76439375, 0.76434654, 0.76418847, 0.76495904, 0.7648969, 0.76443106, 0.8317543, 0.9129679, 0.88871014, 0.88570446, 0.9213144, 0.924859, 0.91598934, 0.9270461, 0.9259903, 0.9381181, 0.9382651, 0.94297004, 0.9417298, 0.94934124, 0.94841045, 0.9378415, 0.94603056, 0.9525673, 0.9529095, 0.9422751, 0.9545761, 0.95957774, 0.9596325, 0.9375285, 0.96095663, 0.95777327, 0.9611664, 0.9609978, 0.9626517, 0.9676492, 0.9678058, 0.9636855, 0.9690575]
valid_acc = [0.7835234, 0.78220654, 0.7851372, 0.77739936, 0.7819001, 0.78258866, 0.78590775, 0.78021926, 0.78629017, 0.7786474, 0.7865121, 0.77307826, 0.78264636, 0.78081816, 0.7795585, 0.784403, 0.786181, 0.77625245, 0.76199204, 0.73799497, 0.87819403, 0.845342, 0.83883303, 0.79434234, 0.89331585, 0.8658404, 0.83680135, 0.8387995, 0.8897912, 0.85705066, 0.84111756, 0.756157, 0.9138271, 0.918664, 0.914834, 0.8802511, 0.8949167, 0.9200584, 0.9200519, 0.9311554, 0.9216566, 0.9395955, 0.912049, 0.9464281, 0.91211015, 0.94622535, 0.935095, 0.94076926, 0.9372392, 0.9456374]
train_loss = [0.6571467032558039, 0.5727667479138625, 0.4979329595440312, 0.4489006661532218, 0.409858857330523, 0.4027340783361803, 0.3768110251740405, 0.36822922972210664, 0.36575440618029814, 0.34228267873588364, 0.33996141584295975, 0.32388419605660856, 0.3142903770009677, 0.3014425052362576, 0.28605479354921143, 0.2788068947562, 0.2731297759894739, 0.2936750787653421, 0.26265060117370204, 0.2959042343131283, 0.2856409549713135, 0.2549422189854739, 0.2506537033539069, 0.2618027499370408, 0.24762411520146488, 0.24701296538114548, 0.2345166374978266, 0.2332145765162351, 0.2273017233401014, 0.22789052599354795, 0.22021349650203137, 0.21831626771834858, 0.22984802448435834, 0.21883738864409297, 0.21162910850947364, 0.209698964498545, 0.2189715432754734, 0.20731304625147268, 0.2001744304832659, 0.19905432411714605, 0.22462741481630424, 0.1957786263603913, 0.19871354704363303, 0.19326502320013547, 0.19407663187175467, 0.19038568763879307, 0.1830050348581975, 0.18205717728849044, 0.1853524424266397, 0.17888380247249938]
valid_loss = [0.6616986791292826, 0.6074708824356397, 0.5571200028061867, 0.5279742653171221, 0.4463865893582503, 0.45538469155629474, 0.45198413357138634, 0.41719086716572445, 0.4037580092748006, 0.4249775819480419, 0.40667130798101425, 0.38891028612852097, 0.3995899185538292, 0.37199147914846736, 0.3864433454970519, 0.3693353198468685, 0.3540624640882015, 0.3997762246678273, 0.4048469550907612, 0.4059785840411981, 0.32676710312565166, 0.3528505985935529, 0.35117392614483833, 0.36829377710819244, 0.30198241956532, 0.32020277840395767, 0.3486515035231908, 0.3372253297517697, 0.29382684888939065, 0.32395556196570396, 0.3341434945662816, 0.3898792366186778, 0.26033101106683415, 0.25904833525419235, 0.2574732607851426, 0.29720195444921654, 0.279264855509003, 0.24474163415531316, 0.2538785580545664, 0.22973699060579142, 0.2420795876532793, 0.222087728480498, 0.2523608176658551, 0.21219543057183424, 0.24457534650961557, 0.21049598852793375, 0.2158095526198546, 0.2116207585980495, 0.21785594895482063, 0.2038933156679074]

Loss test 0.20389831190307936
Acc test 0.9553211
