train_acc = [0.7444633, 0.76349676, 0.7640278, 0.76487786, 0.7643059, 0.76469713, 0.7642988, 0.7647387, 0.7648069, 0.7877323, 0.85073847, 0.86725307, 0.87930024, 0.90685594, 0.91825473, 0.9283088, 0.938614, 0.9411454, 0.93324006, 0.9507315, 0.9503181, 0.9537512, 0.95555544, 0.95748365, 0.9583001, 0.94762725, 0.96778685, 0.955906, 0.9619907, 0.97185725, 0.9638016, 0.9681756, 0.9649196, 0.9752197, 0.9707608, 0.9754736, 0.973095, 0.9785356, 0.97123945, 0.9772611, 0.9743532, 0.98018724, 0.98006266, 0.9688983, 0.9791823, 0.98136693, 0.9819488, 0.9820084, 0.9810264, 0.9820917]
valid_acc = [0.77926874, 0.7838201, 0.7815378, 0.7856083, 0.77561647, 0.78531885, 0.79159194, 0.7744331, 0.7805459, 0.7103095, 0.8078005, 0.73832244, 0.8256841, 0.7797435, 0.848111, 0.86315435, 0.85341364, 0.8920863, 0.9239561, 0.7681126, 0.88858765, 0.956886, 0.9236223, 0.9613231, 0.9568515, 0.9283412, 0.93243283, 0.92140645, 0.9398859, 0.94293064, 0.94817424, 0.9391187, 0.95320445, 0.9653063, 0.9592538, 0.97033215, 0.94135684, 0.9631488, 0.972202, 0.977956, 0.9779255, 0.97488904, 0.97332555, 0.96689385, 0.97680587, 0.97706014, 0.9726549, 0.9801495, 0.9769594, 0.9774396]
train_loss = [0.6882988611857096, 0.674608077919274, 0.6634084848981154, 0.6309624675073122, 0.5064899675678789, 0.4362874010152984, 0.4003198316745591, 0.3823283599656925, 0.37550812070829825, 0.3784911959317693, 0.3154223162615508, 0.28732484552943915, 0.2860352991050796, 0.22225164602461614, 0.20462470599695257, 0.1859428183943556, 0.16734508353105762, 0.15962163502709908, 0.17221374770528391, 0.13731451071145243, 0.13508102833701854, 0.12961091535786787, 0.12235073849820254, 0.11865723446795814, 0.12050854993101798, 0.13817791349924446, 0.09098072091869094, 0.11863248115568831, 0.09976702072379882, 0.07971110920372762, 0.0944491660451157, 0.08711293519458227, 0.09261134502134825, 0.06920839699083253, 0.07968489701549213, 0.06818874075747373, 0.07489400013889137, 0.05938005368960531, 0.0781557200835985, 0.062460949481056446, 0.06803223222755549, 0.05507685335581763, 0.05534997281798145, 0.0831898589732877, 0.05696666082203911, 0.05154820260379398, 0.05008998238726666, 0.04957874416651433, 0.05223548128024528, 0.04908083756699374]
valid_loss = [0.6796817729870478, 0.6669326399763426, 0.6550036470095316, 0.5952110836903254, 0.5185762979090214, 0.4489138238132, 0.39561133831739426, 0.43023470292488736, 0.3857484112183253, 0.4490501632293065, 0.3504432613650958, 0.4088197586437066, 0.34284577208260697, 0.4175354354083538, 0.30719796381890774, 0.2966454743097226, 0.30375655740499496, 0.24925078575809798, 0.18446944560855627, 0.5234842728823423, 0.2434438755735755, 0.11951252942283948, 0.1805492282534639, 0.10781834507361054, 0.11468448614080747, 0.16934314432243505, 0.16625453438609838, 0.18235335716356835, 0.14690527506172657, 0.14430358819663525, 0.13383966715385517, 0.1523152127241095, 0.12060448698078592, 0.09521227826674779, 0.10800133412703872, 0.08286233929296334, 0.15342336085935435, 0.09872972747931878, 0.07891313964501023, 0.06498712968702118, 0.06196964128563801, 0.07229348535959919, 0.07625941792502999, 0.09021586536740263, 0.06815828895196319, 0.06563209338734548, 0.07858448863650362, 0.05679815534191827, 0.0658248804975301, 0.06448057782836258]

Loss test 0.06640747453396519
Acc test 0.97933006
