train_acc = [0.7647744, 0.764808, 0.7644427, 0.7648671, 0.7650018, 0.76474357, 0.7646657, 0.7646611, 0.76186574, 0.7944525, 0.7901619, 0.7843338, 0.78836316, 0.7969767, 0.83853376, 0.8279576, 0.88037306, 0.91014093, 0.9178451, 0.93559587, 0.9472334, 0.94292706, 0.9629824, 0.9689171, 0.9647907, 0.9815821, 0.97422445, 0.9738879, 0.98223275, 0.9795754, 0.9704775, 0.9809835, 0.98080754, 0.9758936, 0.9871726, 0.98578244, 0.988177, 0.9888715, 0.9872139, 0.98867095, 0.9895019, 0.98983985, 0.9898675, 0.9901064, 0.99020445, 0.990308, 0.9904271, 0.99061346, 0.99073774, 0.9032065]
valid_acc = [0.78263825, 0.7847702, 0.7827182, 0.78625613, 0.78320104, 0.7799781, 0.78189796, 0.78471905, 0.7753169, 0.8391466, 0.7666993, 0.8321238, 0.7670786, 0.82436675, 0.871998, 0.8823014, 0.89749455, 0.9489897, 0.9356267, 0.93180656, 0.9447784, 0.9581644, 0.9520275, 0.96352816, 0.96044284, 0.93466204, 0.9693392, 0.9534817, 0.9705806, 0.94562006, 0.97541976, 0.9729182, 0.96677464, 0.9715418, 0.9759655, 0.97085196, 0.972421, 0.97252655, 0.9746484, 0.97121876, 0.9775257, 0.9711798, 0.9747889, 0.95638007, 0.97404057, 0.97604734, 0.97272795, 0.9733879, 0.96911955, 0.946537]
train_loss = [0.5868580011945022, 0.459922041286502, 0.42246612226753905, 0.4180893035311448, 0.42017619233382375, 0.419090228906849, 0.4142981670927583, 0.39986104269822437, 0.3955165576516536, 0.3894912976967661, 0.3823526904248355, 0.3813909254314607, 0.3926647881928243, 0.3851207821515569, 0.33263563011821945, 0.34219370220313994, 0.2831145246562205, 0.23893558802573303, 0.21798537795742354, 0.1838818321233256, 0.15887668395512983, 0.15951759828940817, 0.11325835015036557, 0.09671574223198388, 0.10760472152839627, 0.06491268764397032, 0.08190590244505488, 0.08046669882248368, 0.059100018160646424, 0.06370888936349697, 0.08637786568387558, 0.058239861260772796, 0.05740477530318394, 0.07179779141095646, 0.04161587471894005, 0.044830092572067916, 0.03783554588689616, 0.03531109138081471, 0.038673376868756715, 0.03516844923101496, 0.032386971604928635, 0.031199545052163956, 0.030681291333677477, 0.029691827908289014, 0.02929488987776271, 0.028867154186101335, 0.02831473765208533, 0.027420551499776673, 0.026985577683438334, 0.21178044190859063]
valid_loss = [0.5216307851175467, 0.39078667014837265, 0.39701300114393234, 0.3835972597201665, 0.3802801767985026, 0.4002547909816106, 0.38612597932418186, 0.3483876045793295, 0.3575466883679231, 0.3313404607276122, 0.3787952462832133, 0.3408267591148615, 0.3922786998252074, 0.339815894762675, 0.2738464406381051, 0.29952366339663666, 0.232057041178147, 0.17881842454274496, 0.17500336406131586, 0.22563066023091474, 0.14316256064921618, 0.12169428759564956, 0.12582944426685572, 0.10196642422427733, 0.11027459505324562, 0.1671120828638474, 0.08778909578298529, 0.12859616025040546, 0.08380198323478301, 0.15897342252234617, 0.07265187799930573, 0.0797540635491411, 0.09519660224517186, 0.08041554611797135, 0.06708856563394268, 0.08235486270859838, 0.07876509334892035, 0.07834696878368656, 0.07137077736357848, 0.08325507941966255, 0.06373741485488911, 0.08320451977973183, 0.0709669563608865, 0.11970466623703639, 0.07450490933842957, 0.06873340718448162, 0.07777814272170265, 0.07521153497509658, 0.08753052307292819, 0.14823500082517663]

Loss test 0.1067242999561131
Acc test 0.9625055
