train_acc = [0.70860875, 0.75346476, 0.7595674, 0.76171124, 0.76351166, 0.7640637, 0.7644691, 0.7647919, 0.7646248, 0.76421666, 0.7639047, 0.7647025, 0.764373, 0.7645254, 0.7642784, 0.76397437, 0.7647268, 0.76417536, 0.764582, 0.7649946, 0.76454985, 0.7644563, 0.76471835, 0.76482546, 0.76431316, 0.76455575, 0.7643533, 0.7646768, 0.76455355, 0.76487625, 0.7643679, 0.76469946, 0.76372844, 0.7644423, 0.76442426, 0.7648455, 0.76475835, 0.7645719, 0.7645732, 0.764315, 0.7642157, 0.7645519, 0.76441634, 0.76458216, 0.7643099, 0.7644506, 0.7644365, 0.764492, 0.76467085, 0.76412314]
valid_acc = [0.76533574, 0.7745452, 0.78146404, 0.7795237, 0.78166884, 0.77499014, 0.7779584, 0.78412837, 0.779247, 0.7877446, 0.77754325, 0.7736462, 0.7883926, 0.7750198, 0.78407764, 0.7866871, 0.7763796, 0.78785944, 0.7838449, 0.783226, 0.77402663, 0.7862913, 0.77784246, 0.77867097, 0.7795744, 0.77910215, 0.7882667, 0.7801514, 0.7807824, 0.7791274, 0.78726196, 0.780575, 0.7766042, 0.77666086, 0.7941329, 0.779083, 0.7745827, 0.78538275, 0.776552, 0.78994864, 0.78015786, 0.784595, 0.77658623, 0.7828372, 0.7849884, 0.77870274, 0.78286767, 0.7818145, 0.7818969, 0.77916783]
train_loss = [0.6942044778874046, 0.6904497219805132, 0.6882065999926182, 0.6854305957493029, 0.6688909405156186, 0.633497828454302, 0.5955084489102949, 0.5572131571539661, 0.5257627592797864, 0.5029081124485585, 0.48532899639062715, 0.4695944707644613, 0.454998154127807, 0.4401094832441263, 0.42790761093298596, 0.4121248544308177, 0.3991564454739554, 0.38685349205084013, 0.37532054436834233, 0.3665178841666171, 0.35730808894885213, 0.35021793685461344, 0.3422204444282933, 0.33713963000397934, 0.32916048652770225, 0.3241123764922744, 0.31965838712558414, 0.3137570486256951, 0.3113954366560568, 0.30892652286249295, 0.3043053993269017, 0.30472212232518614, 0.3006886152321832, 0.29232111717002435, 0.2894960111170484, 0.28350502383290677, 0.2839696617764339, 0.27779570966959, 0.2737027034163475, 0.2769672220997643, 0.276225568301845, 0.26909927252614707, 0.2686317621877319, 0.2691237143518632, 0.2661032811330076, 0.2610484191723037, 0.25691861306366165, 0.26049468287250455, 0.25593541261919756, 0.2537181359111217]
valid_loss = [0.6915139233072599, 0.6891641914844513, 0.6868261868755022, 0.6835736831029257, 0.671383760869503, 0.658002903064092, 0.6418145025769869, 0.6242988035082817, 0.6072497541705767, 0.5912805994351705, 0.5795203149318695, 0.5594879587491354, 0.5538665254910787, 0.5417047602434953, 0.5291783089439074, 0.5240045264363289, 0.5039845804373423, 0.5030135015646616, 0.49543573583165806, 0.48366720353563625, 0.47775644933183986, 0.4612887216111024, 0.4655780593554179, 0.4563737064599991, 0.46112148215373355, 0.45546931649247807, 0.44509652132789296, 0.4342659153044224, 0.45971812680363655, 0.43223512048522633, 0.4221471386651198, 0.41818012793858844, 0.40883498390515643, 0.39744125430782634, 0.40449797362089157, 0.42339878529310226, 0.4065271553893884, 0.4193461276590824, 0.42199597135186195, 0.42579998821020126, 0.42410027980804443, 0.36205813102424145, 0.42079802230000496, 0.3847718673447768, 0.41088275735576946, 0.38020067289471626, 0.3836873434484005, 0.39406717009842396, 0.3912147569159667, 0.36650311822692555]

Loss test 0.3577241798241933
Acc test 0.757454
