train_acc = [0.4365005, 0.66543776, 0.7283253, 0.7484475, 0.7560244, 0.7592878, 0.7607664, 0.7620955, 0.76190996, 0.762449, 0.7627211, 0.7631687, 0.7630782, 0.7636768, 0.7635481, 0.763614, 0.76390946, 0.76366806, 0.7639029, 0.7639202, 0.7636942, 0.76402265, 0.7639557, 0.7642589, 0.76417816, 0.7643574, 0.7646368, 0.7643607, 0.76442385, 0.7644846, 0.7640974, 0.76426435, 0.7642643, 0.7645158, 0.7646499, 0.76412725, 0.7644677, 0.7641022, 0.76431453, 0.76462835, 0.7645579, 0.7647266, 0.76396394, 0.7640871, 0.7642414, 0.7645087, 0.7646338, 0.7641034, 0.7647172, 0.7647971]
valid_acc = [0.6828327, 0.78621244, 0.808163, 0.79957503, 0.7867643, 0.7875218, 0.7790384, 0.77437353, 0.78804046, 0.7850259, 0.7777424, 0.77807665, 0.780433, 0.78158855, 0.78545374, 0.77619267, 0.78163576, 0.78264385, 0.7759581, 0.78317046, 0.783468, 0.78194386, 0.7835477, 0.78166914, 0.78333235, 0.7813917, 0.78918284, 0.78092915, 0.7800395, 0.7829949, 0.7848137, 0.77497244, 0.78552085, 0.7844219, 0.7803237, 0.7929109, 0.77065736, 0.78949785, 0.7749184, 0.78259546, 0.77738255, 0.7824934, 0.7773342, 0.78925467, 0.7817405, 0.7838567, 0.78272897, 0.78444815, 0.78166705, 0.7849016]
train_loss = [0.6977875180411757, 0.6925429335811681, 0.6904527842998505, 0.6888856375426576, 0.6874767196805853, 0.6861351440873062, 0.6848305793184983, 0.6835325114559709, 0.6822966431316576, 0.6810408229367775, 0.6798082114311687, 0.6785752914453808, 0.6773818966589475, 0.6761490456890642, 0.6749669402314905, 0.6737826822096842, 0.6725848223033705, 0.6714365320247516, 0.670259251929166, 0.6691033793123145, 0.6679795834056118, 0.6667899065896085, 0.6656340517495808, 0.664432835683488, 0.663226991891861, 0.6619546251338825, 0.6605636001678935, 0.6591138520784545, 0.6573611618134013, 0.655166219723852, 0.651974535302112, 0.6457742599018833, 0.6329747480258607, 0.6159088825970366, 0.5990702468052245, 0.5820933193491217, 0.5649199412580121, 0.5487109584766522, 0.5325730147591808, 0.5177885848179198, 0.504769243430673, 0.49257497175743703, 0.48169649562291933, 0.4714264940274389, 0.46099234333163813, 0.45200317967356296, 0.44320053698723777, 0.4358221553919608, 0.42847222612615216, 0.4215396595628638]
valid_loss = [0.6915863578518232, 0.6899291947484016, 0.6885600239038467, 0.6872211049000422, 0.6859289308389028, 0.6844824155171713, 0.6833901653687159, 0.6822692553202311, 0.6804086988170942, 0.6792579541603724, 0.6783501928051313, 0.6770804996291796, 0.675673541923364, 0.67430346707503, 0.6727882996201515, 0.6721525862812996, 0.6704487428069115, 0.6690701444943746, 0.6684414967894554, 0.6664344072341919, 0.6650452862183253, 0.6638102059563001, 0.662275475760301, 0.6609621718525887, 0.6591299697756767, 0.6575937370459238, 0.654444562892119, 0.6530443504452705, 0.6503302777806917, 0.645963154733181, 0.6404766465226809, 0.6348537678519884, 0.625444307923317, 0.618116113046805, 0.6139889284968376, 0.5989376530051231, 0.5960972135265669, 0.5852252890666326, 0.5755052914222082, 0.5692769512534142, 0.5564542959133784, 0.5536354457338651, 0.537288618584474, 0.5314005004862944, 0.5180622066060702, 0.5109310237069925, 0.5085135214030743, 0.5020280765990416, 0.4921675982574622, 0.49034275238712627]

Loss test 0.48466617117325467
Acc test 0.75931406
