train_acc = [0.75956, 0.7649995, 0.76457524, 0.7646266, 0.7649464, 0.764615, 0.76430017, 0.7643446, 0.76470643, 0.76458913, 0.76409554, 0.7645173, 0.7641791, 0.76451117, 0.76485425, 0.7644793, 0.7644937, 0.7646428, 0.76450443, 0.76505154, 0.7643267, 0.7644851, 0.7645461, 0.7649497, 0.764521, 0.7643665, 0.7642091, 0.7645818, 0.7643924, 0.7647926, 0.7642916, 0.7646118, 0.7646521, 0.76431394, 0.76453894, 0.76462334, 0.76453406, 0.76472974, 0.764866, 0.76461977, 0.76500326, 0.76444864, 0.76411146, 0.7647291, 0.7647744, 0.76472455, 0.7644962, 0.76415455, 0.76464033, 0.7646457]
valid_acc = [0.781899, 0.782466, 0.78209955, 0.78012484, 0.7815809, 0.77981585, 0.78390914, 0.78578347, 0.78267056, 0.7787166, 0.7855449, 0.7833779, 0.7823059, 0.7830952, 0.7842677, 0.77606773, 0.7846468, 0.77621716, 0.7870054, 0.78225106, 0.77952725, 0.7829035, 0.7795644, 0.7837288, 0.78192824, 0.7831008, 0.7786611, 0.7785886, 0.78144044, 0.7799783, 0.7688992, 0.7856415, 0.78470534, 0.78639174, 0.77788323, 0.78935176, 0.7776101, 0.7782672, 0.78700465, 0.77968836, 0.78218096, 0.78503066, 0.78125495, 0.7820039, 0.78266174, 0.7834633, 0.78419954, 0.78312415, 0.7822105, 0.7816469]
train_loss = [0.5880968696192691, 0.5449780045371306, 0.5454953474956646, 0.5454386823010027, 0.5450550309921566, 0.5454490804358533, 0.5458232383978995, 0.5457448494016078, 0.5453450397441262, 0.5454662863099784, 0.5460975857680304, 0.5455510412391863, 0.5459867556367004, 0.5455684429197981, 0.545194105098122, 0.5456124308862185, 0.5455941416715321, 0.545393214936842, 0.5455736070871353, 0.5449554776413399, 0.5458175051107741, 0.5456051272258424, 0.5455409105409655, 0.5450836250133682, 0.5455692125517025, 0.5457566785707808, 0.5459231389196295, 0.5454613535027755, 0.5457315282863483, 0.5452249018769515, 0.5458130222140697, 0.5454579016618561, 0.5454144331446865, 0.5457962756617027, 0.5455502802342699, 0.5454335314662833, 0.5455646094000131, 0.5453251587194309, 0.5451366375935706, 0.5454539003079397, 0.5450042875712378, 0.5456344542796152, 0.5460932701826096, 0.5453152073579922, 0.5452808301176941, 0.5453276610688159, 0.5455890316189381, 0.5460204743502433, 0.5453923475324062, 0.5453813808006153]
valid_loss = [0.5266908556222916, 0.5242327687640985, 0.5252021327614784, 0.5274977187315623, 0.5257910018165907, 0.5276157446205616, 0.522623977313439, 0.5210678540170193, 0.523951843380928, 0.5285748802125454, 0.5208510210116705, 0.523209755619367, 0.5247265274326006, 0.5241600622733434, 0.5226784671346346, 0.532135795801878, 0.5220781415700912, 0.5321408845484257, 0.5198034048080444, 0.5249845248957475, 0.5279545610149702, 0.5242350858946642, 0.5278118389348189, 0.5229623727500439, 0.5250719251732031, 0.5239873963097731, 0.5290597962836424, 0.5288555373748144, 0.5259820334613323, 0.5271329060196877, 0.5405225095649561, 0.5210117921233177, 0.5217940310637156, 0.520047377794981, 0.5297888865073522, 0.516333227356275, 0.530205637216568, 0.5293092504143715, 0.5192310810089111, 0.5278382723530134, 0.5249417647719383, 0.5212315122286478, 0.5259974934160709, 0.5252500437200069, 0.5243906999627749, 0.5233386295537154, 0.5228307532767454, 0.5239989086985588, 0.5244118807216486, 0.5259230906764666]

Loss test 0.55273595576485
Acc test 0.7584798
