train_acc = [0.7502836, 0.7909933, 0.78029245, 0.802559, 0.8321353, 0.8451546, 0.85090387, 0.8735198, 0.8926497, 0.90418416, 0.9226854, 0.92598706, 0.93951356, 0.9429249, 0.9605752, 0.96292996, 0.96819234, 0.9685538, 0.9764662, 0.96894234, 0.97430295, 0.97123766, 0.9802651, 0.9582609, 0.9626606, 0.95211995, 0.97462416, 0.97816396, 0.9811514, 0.977694, 0.9806281, 0.9843826, 0.98402315, 0.9837347, 0.985223, 0.9860912, 0.98236156, 0.9861555, 0.9867238, 0.9866535, 0.9645919, 0.9862875, 0.98686904, 0.98644334, 0.9870644, 0.98789227, 0.9873711, 0.9877601, 0.9879032, 0.98786]
valid_acc = [0.800303, 0.8239048, 0.8291793, 0.8329625, 0.7947502, 0.6792774, 0.9058679, 0.9064276, 0.9247497, 0.9326317, 0.8811366, 0.94029665, 0.9523749, 0.9173408, 0.9617586, 0.9557021, 0.95796394, 0.9684022, 0.96184987, 0.95511675, 0.95933884, 0.96388626, 0.96951216, 0.97229475, 0.9554772, 0.9614125, 0.9634064, 0.9686019, 0.9677561, 0.96508044, 0.9728343, 0.9693246, 0.97202826, 0.97089034, 0.97582155, 0.98139143, 0.9757335, 0.9780081, 0.9774174, 0.9797756, 0.9703534, 0.97821015, 0.9783029, 0.9788789, 0.97779304, 0.97969466, 0.9794869, 0.9780982, 0.97644323, 0.98009187]
train_loss = [0.5462767419062162, 0.41879625749169735, 0.40269326013431217, 0.38633469949688826, 0.34386244507735236, 0.3253537968062518, 0.308766230417971, 0.28134223361287203, 0.24953289133937737, 0.23894164953054042, 0.20436049376924834, 0.19614860879486068, 0.16019674946080176, 0.15130164872920304, 0.10704360667027925, 0.09741912383520812, 0.08511004247294184, 0.08360784304769416, 0.06477859668564379, 0.08378623986387984, 0.06955952628662712, 0.0757342869775337, 0.053717432347567456, 0.10151915474419008, 0.0962302539203512, 0.13503408453247526, 0.07744451909603779, 0.06165327554928106, 0.052543673468263524, 0.05991211175722511, 0.05299471975549271, 0.04258008064342696, 0.04387228666363578, 0.044611130416262565, 0.040109825729016675, 0.03763692558073161, 0.04758722666781722, 0.03724492146845972, 0.03569305897281881, 0.036014619659174955, 0.09594018015553031, 0.038021841315193136, 0.035483943380154016, 0.03694883755228499, 0.03490718360990286, 0.03261060543815818, 0.03374112801005443, 0.03296948178556927, 0.032510610003220405, 0.0322735550682665]
valid_loss = [0.39440028990308446, 0.3819105823834737, 0.37763727456331253, 0.3514420725405216, 0.3739633696774642, 0.5329423459867636, 0.25031701289117336, 0.24684865027666092, 0.1984467338770628, 0.1781851543734471, 0.2638790203879277, 0.176002559872965, 0.13333148105690876, 0.1887372207517425, 0.09760285929466288, 0.11138135225822528, 0.10867346279943983, 0.08413410885259509, 0.1022081778695186, 0.12140893501540025, 0.11017334337035815, 0.10107356046016018, 0.08587350316035251, 0.07851007332404454, 0.12013442053770025, 0.12938382072995105, 0.10160749382339418, 0.0869549612980336, 0.09095181757584214, 0.10298708950479825, 0.0792354632479449, 0.08752138330601156, 0.07828006893396378, 0.08478840789757669, 0.06951795316611727, 0.05066238537741204, 0.07364902288342516, 0.06532749029186864, 0.06676570101020236, 0.05840853834524751, 0.08321562075677018, 0.0627142748174568, 0.06496047492449482, 0.05831514671444893, 0.06674183284242947, 0.05874445017737647, 0.059961862241228424, 0.06524712798030426, 0.06938845307255785, 0.05752738301331798]

Loss test 0.05729854650174578
Acc test 0.9825414
