train_acc = [0.75981474, 0.7644492, 0.7647302, 0.7642251, 0.76448673, 0.7646331, 0.7647629, 0.76424646, 0.7648351, 0.7642663, 0.76465595, 0.76495093, 0.76458555, 0.76470387, 0.7644854, 0.764858, 0.76451534, 0.76447415, 0.76453567, 0.76461834, 0.76481307, 0.7644703, 0.76443815, 0.7646554, 0.765002, 0.7647465, 0.7645772, 0.7647786, 0.7646131, 0.7649513, 0.7890227, 0.81249124, 0.8188427, 0.8009994, 0.797353, 0.80024827, 0.84687364, 0.8778011, 0.89451003, 0.888561, 0.92296785, 0.92637616, 0.9399973, 0.9497964, 0.9479292, 0.92529017, 0.954455, 0.96821326, 0.96438825, 0.97231346]
valid_acc = [0.78189856, 0.7825579, 0.7759917, 0.7858564, 0.7858514, 0.77240723, 0.7891663, 0.7858049, 0.77625686, 0.7789035, 0.7779966, 0.78731775, 0.7773648, 0.7748068, 0.78975743, 0.7840858, 0.7730923, 0.78644735, 0.7780431, 0.78443223, 0.7780824, 0.77793807, 0.784126, 0.78058785, 0.7812982, 0.78255326, 0.78464013, 0.78102845, 0.7878875, 0.7765999, 0.80884355, 0.81455415, 0.8432364, 0.83426857, 0.77084094, 0.7889714, 0.89005023, 0.9103937, 0.9036743, 0.9024418, 0.94352895, 0.94336385, 0.95078284, 0.9503291, 0.9628458, 0.9528176, 0.9561445, 0.9293248, 0.96970016, 0.96854687]
train_loss = [0.6441381301796227, 0.5873307428861919, 0.5640010114824563, 0.5544219895413047, 0.5496422894168318, 0.5473651891214806, 0.5462123856209872, 0.546294570492025, 0.5453944156567255, 0.545918222843555, 0.545409041799997, 0.5450351763712732, 0.5454413286949459, 0.545295140199494, 0.5455473543781983, 0.5451091269129201, 0.5455304148950075, 0.5455531681838789, 0.5454816279704111, 0.5453856095933077, 0.5451524587054002, 0.5455569277207056, 0.5455954911416037, 0.5453382735712486, 0.544926071898979, 0.545228419073841, 0.5454264411277938, 0.5451896423310564, 0.5453801986418272, 0.5449771585694531, 0.4986754261087953, 0.4524817249754019, 0.43588050258787053, 0.46402789809201894, 0.47878251603820865, 0.48191991317690464, 0.38929790206122816, 0.33374815564929394, 0.2972657519735788, 0.30352306418251573, 0.24717321482143903, 0.23430046269245314, 0.2016179794282244, 0.17607401873458894, 0.17400154621716132, 0.21621478714963846, 0.15691796481086498, 0.12356434742871084, 0.12900707628904728, 0.10888639007482612]
valid_loss = [0.6000241612394651, 0.560638981560866, 0.5484932735562325, 0.5315868531664213, 0.5269405879080296, 0.5386276443799337, 0.5193730381627878, 0.5221761887272199, 0.5325155593454838, 0.5292173661291599, 0.5301495703558127, 0.5191058988372484, 0.5306464011470476, 0.5336275150378545, 0.5160320227344831, 0.5226486039658388, 0.5355590196947256, 0.519878783573707, 0.5297452931602796, 0.5222074178357919, 0.5296728424727917, 0.5298205005625883, 0.5225537916024526, 0.5267062646647295, 0.52586862941583, 0.5243828992048899, 0.5219390441974004, 0.5261799097061157, 0.5181061762074629, 0.5313328243792057, 0.451223760843277, 0.4360583834350109, 0.3935646067063014, 0.40088876336812973, 0.5477049338320891, 0.44322214648127556, 0.3477885040144126, 0.28472591439882916, 0.27529442496597767, 0.3004282098263502, 0.2206295027087132, 0.20674487513800463, 0.19596147226790586, 0.1900091798355182, 0.15292766566077867, 0.16959897118310133, 0.17143471259623766, 0.2222274790207545, 0.12554028909653425, 0.12706415665646395]

Loss test 0.1156198987737298
Acc test 0.97296333
