train_acc = [0.4741932, 0.638959, 0.7037023, 0.7312593, 0.74433994, 0.7511792, 0.7556831, 0.7579882, 0.75951636, 0.76128286, 0.7617495, 0.76221246, 0.7621807, 0.7630958, 0.7628232, 0.7634698, 0.7633251, 0.763582, 0.76390225, 0.76399595, 0.7639822, 0.76388025, 0.76403713, 0.7644456, 0.7641882, 0.7643639, 0.7642362, 0.76424813, 0.7644848, 0.76434183, 0.76411915, 0.76411104, 0.7645876, 0.76426065, 0.7644015, 0.7646072, 0.76446265, 0.7645532, 0.76433796, 0.7644263, 0.76466846, 0.7641032, 0.7644855, 0.76462716, 0.7643501, 0.7644452, 0.76390225, 0.7645431, 0.76421505, 0.76434076]
valid_acc = [0.66538054, 0.7395986, 0.76488465, 0.77375, 0.77665645, 0.77328235, 0.7791152, 0.77162546, 0.7901223, 0.77346486, 0.78488487, 0.7758465, 0.78285503, 0.7800396, 0.77937126, 0.7774194, 0.78914803, 0.7784179, 0.77913207, 0.7802274, 0.7814072, 0.7795949, 0.78056765, 0.781555, 0.781363, 0.7807104, 0.78192824, 0.7838661, 0.7751348, 0.78854537, 0.77786475, 0.777204, 0.7866885, 0.78361017, 0.76981145, 0.7893583, 0.78597385, 0.77876455, 0.7853877, 0.77649355, 0.78167325, 0.7861592, 0.7801823, 0.7776127, 0.7891124, 0.7791036, 0.7825009, 0.7833697, 0.7819774, 0.7822917]
train_loss = [0.700190533148615, 0.6943363468897971, 0.692298307230598, 0.6910630192672997, 0.6900671793703448, 0.6891759309852332, 0.6883232572622466, 0.6875106582516118, 0.6867144949603499, 0.6859103378496672, 0.6851434430532288, 0.6843799342188919, 0.6836373805999756, 0.6828621380161821, 0.6821370574465969, 0.6813765915862301, 0.6806549659946508, 0.6799180110295614, 0.6791800725878331, 0.6784583251727255, 0.6777454740122745, 0.6770432586209816, 0.6763283798569127, 0.6755995222351008, 0.6749198081200583, 0.6742136018318042, 0.6735333470921767, 0.6728473833778448, 0.672146343348319, 0.6714800099531809, 0.6708264596629561, 0.6701578884794, 0.6694479312813073, 0.6688160781274762, 0.6681439369394068, 0.6674677870775524, 0.66683047643879, 0.666173152233425, 0.6655520127530683, 0.664902237946527, 0.6642373659108814, 0.6636700180538914, 0.662995621823428, 0.6623524343758299, 0.6617638369401296, 0.6611338043422029, 0.6605902037076783, 0.6598972254677823, 0.6593312678629892, 0.6587101790988654]
valid_loss = [0.6936859885851542, 0.6921010514100393, 0.69100255270799, 0.6900251557429632, 0.6891191899776459, 0.6883649925390879, 0.6874112039804459, 0.6867858842015266, 0.6854914103945097, 0.6851489494244257, 0.6839853723843893, 0.6835024704535803, 0.6824400325616201, 0.6817749589681625, 0.681020068625609, 0.6803392594059309, 0.678993339339892, 0.6787562395135561, 0.6779636442661285, 0.6771387482682864, 0.6763133903344473, 0.6756724367539088, 0.6748619352777799, 0.6740473434329033, 0.6733192404111227, 0.6726323738694191, 0.671801728506883, 0.670913410683473, 0.6709171061714491, 0.6690491090218226, 0.6692697927355766, 0.668622280160586, 0.6670249203840891, 0.6666072458028793, 0.6672794918219248, 0.664602056145668, 0.664237841963768, 0.66431641827027, 0.6628990521033605, 0.6632237459222475, 0.6619479556878408, 0.6607364490628242, 0.660779299835364, 0.6604397495587667, 0.6583096832036972, 0.6589365949233373, 0.6578354512651762, 0.6570586313803991, 0.6565950239698092, 0.655898854136467]

Loss test 0.6596685846646627
Acc test 0.7556456
