train_acc = [0.7645181, 0.76448035, 0.76398355, 0.7644811, 0.8808645, 0.8877651, 0.92820936, 0.91081136, 0.9301726, 0.9170433, 0.9620239, 0.9649918, 0.96537066, 0.9715396, 0.977237, 0.947972, 0.9708319, 0.9622353, 0.9779987, 0.98026365, 0.98164475, 0.98342645, 0.984108, 0.98444855, 0.9829729, 0.98302335, 0.98532146, 0.9857356, 0.98616713, 0.98636794, 0.9864349, 0.9858493, 0.98631895, 0.98693377, 0.98732376, 0.9874901, 0.98734826, 0.9877787, 0.9878868, 0.98758805, 0.9880762, 0.9881852, 0.98843384, 0.9882061, 0.98821414, 0.98862237, 0.98902166, 0.9886627, 0.98913896, 0.9890204]
valid_acc = [0.7817881, 0.7768023, 0.7887166, 0.77535945, 0.75381184, 0.8897912, 0.93617624, 0.8641992, 0.8877911, 0.93525624, 0.9323818, 0.9671208, 0.92339784, 0.96906066, 0.95846623, 0.9322942, 0.9648495, 0.96667737, 0.9700988, 0.97466063, 0.9719984, 0.9725767, 0.9797799, 0.9764293, 0.97916174, 0.97857976, 0.979393, 0.9798932, 0.97827977, 0.9784309, 0.979685, 0.9774704, 0.9813978, 0.98255515, 0.9808063, 0.9764207, 0.98159724, 0.97955686, 0.9833865, 0.9834536, 0.9832266, 0.9805123, 0.9842324, 0.98323727, 0.98226374, 0.9836416, 0.9842699, 0.9819608, 0.9850077, 0.98440737]
train_loss = [0.47851840864148054, 0.40282292193488073, 0.3536753942046249, 0.3354945040324278, 0.2861639914805429, 0.282030922932583, 0.23667745056905246, 0.2441972185645187, 0.22608632731594538, 0.2382641834648032, 0.17761075254856495, 0.16664627168262214, 0.16002868606071724, 0.14790145451562448, 0.1316194752590698, 0.17059692328697756, 0.13597503918827625, 0.1457853591755817, 0.11645812319036115, 0.10825228285894059, 0.10309684714465811, 0.09657169358902856, 0.09263488774498303, 0.08927448691898271, 0.09028644167017519, 0.08782652935437989, 0.08145919997702565, 0.07867312294087912, 0.07596666777604505, 0.07379175336998806, 0.07234660107969192, 0.07222520576365161, 0.07008784355824454, 0.0671816130021685, 0.06528529338538647, 0.06377918057535824, 0.063272309930701, 0.06095072277413126, 0.05987131131584184, 0.059791083333262225, 0.05784114639748607, 0.05665255684340209, 0.05532134438685158, 0.05556063550083261, 0.0546417131268403, 0.05309815368239294, 0.05159158053758897, 0.05187912185660057, 0.05008026977118693, 0.04955238219873424]
valid_loss = [0.4765612731377284, 0.3847344070672989, 0.4420970318218072, 0.3241625092923641, 0.37743597601850826, 0.28853932706018287, 0.22842997188369432, 0.2929040441910426, 0.26825513256092864, 0.21418271958827972, 0.21010799581805864, 0.1538923311357697, 0.20564566863079867, 0.14140749319146076, 0.1510534811144074, 0.20389629807323217, 0.13531467070182165, 0.12603126962979636, 0.1203839210793376, 0.10972091027845939, 0.10938570679475863, 0.1048303594191869, 0.0949706497291724, 0.09583368711173534, 0.08942894513408343, 0.08846157727142175, 0.08383240985373656, 0.08400163101032376, 0.0837580671844383, 0.08240779411668579, 0.08055409928783774, 0.08144897548481822, 0.07587252262358864, 0.06966914578030507, 0.07420461780081193, 0.08105715131387115, 0.06955629431953032, 0.0741708444741865, 0.06619503519808252, 0.06524915046369036, 0.06393190830325086, 0.07081960700452328, 0.06023834521571795, 0.06227141649772724, 0.06400703794012468, 0.05966316908597946, 0.05954079438621799, 0.06409745151177049, 0.05615097206706802, 0.057320698940505586]

Loss test 0.06307006301358342
Acc test 0.98302764
