train_acc = [0.75744694, 0.7643618, 0.7646397, 0.7643595, 0.7648826, 0.76426435, 0.7643038, 0.7643737, 0.76443505, 0.76474786, 0.7650093, 0.7645197, 0.76468647, 0.76485807, 0.764253, 0.76448405, 0.76483065, 0.76468337, 0.76465017, 0.764704, 0.7642227, 0.76467294, 0.7647543, 0.7647283, 0.7643985, 0.7645753, 0.7642227, 0.76439226, 0.76462054, 0.764947, 0.7643411, 0.76425195, 0.7644643, 0.76472515, 0.7645098, 0.7644281, 0.76403433, 0.7644534, 0.7643537, 0.7644562, 0.76461965, 0.7647472, 0.7647694, 0.76485354, 0.7647618, 0.7644323, 0.7644066, 0.76456445, 0.7643842, 0.7644161]
valid_acc = [0.78323394, 0.78493994, 0.7823057, 0.78953105, 0.7835229, 0.7787644, 0.7810993, 0.781151, 0.78206927, 0.78465, 0.7862254, 0.778639, 0.77636933, 0.7824096, 0.7861204, 0.78171206, 0.7779205, 0.7804534, 0.7807424, 0.77965516, 0.784805, 0.7809836, 0.7813166, 0.78473234, 0.78180903, 0.78085786, 0.77952194, 0.78078586, 0.78488255, 0.78368706, 0.77987486, 0.7847781, 0.77300245, 0.78601617, 0.78957844, 0.77950066, 0.7823534, 0.77942586, 0.78089494, 0.7790098, 0.7830264, 0.7762534, 0.78154564, 0.78537846, 0.7786889, 0.78116775, 0.7820523, 0.7818224, 0.7814417, 0.7859721]
train_loss = [0.6016490835892526, 0.5502631567549288, 0.5459052334751999, 0.5457571595907211, 0.5450989269373709, 0.5458330802227321, 0.5457899727319416, 0.5457002235609189, 0.5456316575669405, 0.5452593666942496, 0.5449614992790055, 0.5455328809064731, 0.5453427562065292, 0.5451281431474184, 0.545842407303944, 0.5455782285384965, 0.5451626239115732, 0.5453313989074606, 0.5453851805967197, 0.5453075178359684, 0.5458785313786122, 0.5453433166993292, 0.5452502882271483, 0.5452776760385748, 0.5456746949961311, 0.545468614551059, 0.545884712223421, 0.5456719667765132, 0.5454210842910566, 0.545038471880712, 0.5457429940763273, 0.5458480522297976, 0.5455985325470305, 0.5452881630575448, 0.5455404018100939, 0.5456483795454627, 0.5461038079178124, 0.5456193539134243, 0.5457317957229781, 0.5456052080058215, 0.5454204801404685, 0.5452573704614974, 0.5452317715736857, 0.545149439782427, 0.5452422350645065, 0.5456350495417913, 0.5456634409594954, 0.5454876245113841, 0.5456952829109994, 0.5456466729703703]
valid_loss = [0.541862104088068, 0.5251713767647743, 0.5256567733983198, 0.5164386543134848, 0.5231974671284357, 0.5288535890479883, 0.5261311853925387, 0.526051419476668, 0.5250375221172968, 0.5219798982143402, 0.520068570971489, 0.5289761424064636, 0.5317165131370226, 0.5245184786617756, 0.5202526785433292, 0.5254645061989626, 0.5299019056061903, 0.5268575126926104, 0.5265024540325006, 0.5277998273571333, 0.5216716888050238, 0.5262635660668215, 0.5258761681616306, 0.5218627514938513, 0.525371603667736, 0.5264643244445324, 0.5280239582061768, 0.5264442178110281, 0.5216044994692007, 0.5229331192870935, 0.527479026466608, 0.5216504049797853, 0.5356793515384197, 0.520399613926808, 0.5162895247340202, 0.5279782017072042, 0.5246747496227423, 0.5281694320340952, 0.5263754601279894, 0.5285348581771055, 0.523927261432012, 0.53181075801452, 0.5255644905070463, 0.5211984316507975, 0.5289838723838329, 0.5260647597412268, 0.5250022001564503, 0.5252086607118448, 0.5257518365979195, 0.5203253651658694]

Loss test 0.5540573224425316
Acc test 0.757459
