train_acc = [0.7608566, 0.7649608, 0.7645902, 0.76451594, 0.7644028, 0.7644072, 0.7646865, 0.76505655, 0.7649094, 0.7645986, 0.7642642, 0.7644321, 0.76528615, 0.79967177, 0.8027471, 0.83833784, 0.9008521, 0.919255, 0.94071025, 0.9617027, 0.9725629, 0.9795391, 0.9610802, 0.9450378, 0.9795068, 0.98215705, 0.9852752, 0.9863085, 0.9866348, 0.9874549, 0.98692334, 0.9819315, 0.98343015, 0.98809946, 0.9886368, 0.9884438, 0.9891613, 0.98968065, 0.9896258, 0.99012196, 0.9900846, 0.990392, 0.9904207, 0.99056685, 0.9907085, 0.99093074, 0.99093175, 0.9910936, 0.99117106, 0.9911848]
valid_acc = [0.7814865, 0.7807198, 0.78300554, 0.7781698, 0.7815582, 0.7889368, 0.77882767, 0.7866581, 0.7785408, 0.7742645, 0.7885147, 0.77601844, 0.8342827, 0.8262698, 0.84832096, 0.9023604, 0.8855279, 0.9088468, 0.95478886, 0.9275158, 0.9628275, 0.9716918, 0.8529401, 0.952301, 0.9667637, 0.9634762, 0.96993476, 0.9682787, 0.9687355, 0.9766062, 0.97242117, 0.952785, 0.9650574, 0.9775649, 0.97545165, 0.9765093, 0.9741308, 0.975714, 0.97558117, 0.97424555, 0.9772646, 0.9823949, 0.9832323, 0.98174244, 0.9822685, 0.9753755, 0.98327094, 0.97882086, 0.97755116, 0.97374123]
train_loss = [0.5122319763166863, 0.44056514114664314, 0.42226690785926685, 0.41831891866106735, 0.4239498813424194, 0.4218020603844994, 0.41769324922770784, 0.41161177215868966, 0.40018440390888016, 0.4224825263546224, 0.40694872329109594, 0.39566088297910856, 0.39235927687402355, 0.38349366031194987, 0.37325001860919754, 0.33304338915306225, 0.25534368567822274, 0.20368377661757303, 0.15385167535982633, 0.10026690700467218, 0.07783077895772039, 0.05695219300360533, 0.09895202406404312, 0.1426330053884732, 0.05827243974138247, 0.05034347161193166, 0.04083675675486263, 0.03814160050987674, 0.03670701387812171, 0.03397853337555078, 0.035547220703671896, 0.051000182467855905, 0.04637612224344099, 0.032500843729889185, 0.030931396957225445, 0.03063485479766601, 0.028572312311122294, 0.02676978734272875, 0.027009430586507444, 0.025436488511204197, 0.025298167216150386, 0.02437778524727675, 0.02413157564832976, 0.023805290272688132, 0.02335115464959751, 0.022706028515178906, 0.02250098807965977, 0.022067481431325798, 0.021967256580593817, 0.021649864347030718]
valid_loss = [0.3898239806294441, 0.3902837820351124, 0.3890242353081703, 0.38940323889255524, 0.3912730701267719, 0.3921893897155921, 0.38748778651158017, 0.3698352339367072, 0.4048006708423297, 0.39449653898676235, 0.34690263743201893, 0.35559717441598576, 0.34778760373592377, 0.3483019856115182, 0.3174436042706172, 0.2459606509655714, 0.2585178669542074, 0.21807613782584667, 0.11432631779462099, 0.17238178166250387, 0.1139470178168267, 0.08270557760260999, 0.29295129142701626, 0.13518823760872087, 0.09506810239205758, 0.11742384110887845, 0.09219168297325571, 0.10451241916355987, 0.10625203582458198, 0.07505809849438567, 0.08637234630684058, 0.1292749810963869, 0.10645516496151686, 0.07054862682707608, 0.08145307035495837, 0.0758366323231409, 0.09026308062796791, 0.08035142673179507, 0.08284613265035053, 0.0913998627414306, 0.07477135676890612, 0.05847211445992192, 0.057517893301943936, 0.06196898128837347, 0.0627763452163587, 0.08903682208620012, 0.055427905482550464, 0.07382767476762335, 0.07494909106753767, 0.09174779709428549]

Loss test 0.08290752543446918
Acc test 0.97614926
