train_acc = [0.737919, 0.76454264, 0.76432586, 0.76430273, 0.7646725, 0.76473695, 0.7645599, 0.7648549, 0.76475435, 0.7640347, 0.76461226, 0.7643305, 0.76492494, 0.7647417, 0.7648176, 0.7647022, 0.76413816, 0.76461023, 0.7645536, 0.76434827, 0.76479846, 0.76464134, 0.76475084, 0.764383, 0.76456326, 0.764547, 0.764318, 0.76459825, 0.76442575, 0.7644745, 0.7646205, 0.764617, 0.7647668, 0.76442075, 0.7646561, 0.7646559, 0.76456326, 0.76479554, 0.7645175, 0.7646632, 0.76424503, 0.76477814, 0.7647613, 0.76419336, 0.76460165, 0.76452047, 0.76462704, 0.7645743, 0.76474375, 0.7643524]
valid_acc = [0.7819213, 0.7788524, 0.783197, 0.77981263, 0.7834533, 0.779803, 0.78019756, 0.78388023, 0.7801954, 0.78288627, 0.7887659, 0.78456706, 0.7672879, 0.78478855, 0.79178995, 0.77675265, 0.778975, 0.78378993, 0.7825804, 0.7817803, 0.781682, 0.78264713, 0.77766544, 0.78363067, 0.7832764, 0.7812681, 0.7816617, 0.7786625, 0.7830773, 0.7823618, 0.7798495, 0.7777054, 0.7930357, 0.774508, 0.7841013, 0.7881861, 0.78456134, 0.7797511, 0.7770903, 0.7865796, 0.781357, 0.7852394, 0.780535, 0.7804777, 0.7802952, 0.7788761, 0.78124046, 0.7808227, 0.78158695, 0.77863216]
train_loss = [0.6844060368705214, 0.6664368599130396, 0.651376794304764, 0.6383013814164881, 0.626823074462121, 0.6168855146357888, 0.6083180888702995, 0.6006664367098558, 0.5941329415430102, 0.5887751066893862, 0.5834609934112482, 0.5792299467220641, 0.5750038388528322, 0.5717142480507231, 0.5686690153782827, 0.566113713540529, 0.564217155178388, 0.561827886522862, 0.5600630850122686, 0.5586341107100771, 0.5568499073647616, 0.5557224915215844, 0.5545115402916021, 0.5538458447707327, 0.5528127752375185, 0.5520455847706711, 0.551565097873671, 0.5506872979172489, 0.5503017457953671, 0.5497655152228841, 0.5491816239398822, 0.5487915784643408, 0.5482908338308334, 0.5483241957007793, 0.5478056507152423, 0.547553736389729, 0.5474239096306918, 0.5469805114624793, 0.5470900250631466, 0.5467744519313177, 0.5470748018277319, 0.5463785837616837, 0.5462785920030192, 0.5467865908877891, 0.5462520736874196, 0.5462564303163897, 0.5460655098421532, 0.5460776124607053, 0.5458122303611354, 0.5461833654788503]
valid_loss = [0.6733815843860308, 0.6564483394225439, 0.640620082616806, 0.6282478521267573, 0.6156476785739263, 0.6067963739236196, 0.5978958706061045, 0.5884525155027708, 0.5834045186638832, 0.5760088985164961, 0.5672291492422422, 0.5648938367764155, 0.5717957690358162, 0.5566829989353815, 0.5484076340993246, 0.5561844731370608, 0.5520616893966993, 0.5460846275091171, 0.5448973228534063, 0.5437021702528, 0.5421198184291521, 0.539797481149435, 0.5428065322339535, 0.5363383206228415, 0.5355461798608303, 0.5364067728320757, 0.5351554714143276, 0.5371910644074281, 0.5322594754397869, 0.5323092080652714, 0.5341494642198086, 0.5357534798483053, 0.5198854058980942, 0.5381129967669646, 0.5280088447034359, 0.523373544216156, 0.5267264122764269, 0.531416404992342, 0.5339582761128744, 0.5236323935290178, 0.5289646424353123, 0.524580791592598, 0.5294405445456505, 0.5292768354217211, 0.5293217611809572, 0.5307377850015959, 0.5279928793509802, 0.5283314486344656, 0.5273539510866007, 0.5305033214390278]

Loss test 0.5517634091277918
Acc test 0.75946265
