train_acc = [0.76436734, 0.76451075, 0.76476455, 0.7644072, 0.76469344, 0.78391874, 0.79723936, 0.8024918, 0.80328935, 0.822108, 0.8011847, 0.8231965, 0.85260683, 0.87770504, 0.90422046, 0.9091315, 0.9159951, 0.93910015, 0.95424706, 0.96176016, 0.95735514, 0.9723331, 0.9650419, 0.9767539, 0.98053074, 0.98293304, 0.9521398, 0.973001, 0.9810593, 0.98360807, 0.98345625, 0.9851712, 0.98589265, 0.9867572, 0.9854258, 0.9862448, 0.89871866, 0.9636273, 0.9749949, 0.9828807, 0.97871214, 0.98504436, 0.98641694, 0.9863815, 0.98392224, 0.9875945, 0.9877546, 0.9878317, 0.9885108, 0.9884536]
valid_acc = [0.7831287, 0.78142786, 0.78332, 0.7791092, 0.78267336, 0.8338917, 0.8291774, 0.8328569, 0.83614844, 0.83189154, 0.8282649, 0.8615214, 0.8244331, 0.91816777, 0.8973963, 0.9006941, 0.9246505, 0.92942256, 0.9483977, 0.94039136, 0.93671924, 0.9666224, 0.9557197, 0.9651012, 0.9642994, 0.9677303, 0.96881837, 0.972933, 0.9739485, 0.97546935, 0.9742017, 0.96873045, 0.97423464, 0.980292, 0.96302944, 0.97599596, 0.91857165, 0.9718743, 0.9635315, 0.98002464, 0.9798653, 0.9725733, 0.98207515, 0.9797732, 0.9814598, 0.98187286, 0.9803195, 0.98027235, 0.984263, 0.98314357]
train_loss = [0.5521552356188757, 0.40824884306966214, 0.39888226175517366, 0.3989466386928893, 0.3934665332760727, 0.3818165411551793, 0.40187514821688336, 0.38790414756850194, 0.377255982212853, 0.3696446291971625, 0.38143192218583927, 0.3484982384140031, 0.3015773898938246, 0.27104845172480535, 0.23676354542636036, 0.22200112750655726, 0.21640108839461678, 0.15997685407075965, 0.12004676814142026, 0.1045790004887079, 0.11190246261264149, 0.07438598159831344, 0.08798037142607204, 0.06252260970180495, 0.0525126046615473, 0.046271141406083315, 0.11473062129593209, 0.07619974683774144, 0.0525451018556691, 0.0448075537324736, 0.04493535331270674, 0.04065605042208182, 0.03819591859192179, 0.035883402059737, 0.03928096250941356, 0.037190447275510484, 0.23720232398951785, 0.09828923002146837, 0.06525270867962063, 0.04807928513343397, 0.06145677823377283, 0.04070597490001666, 0.03644658884915866, 0.03643771751146568, 0.04429359424434472, 0.033287871220524894, 0.03286518723491514, 0.032627143178200514, 0.030563469551372947, 0.030714289342429032]
valid_loss = [0.3886929787695408, 0.36713434259096783, 0.3611726313829422, 0.372444324195385, 0.35157759860157967, 0.34911177679896355, 0.34910202647248906, 0.34060277168949443, 0.3283704047401746, 0.3462267133096854, 0.34809477627277374, 0.31324833631515503, 0.30822695915897685, 0.21766945036749044, 0.22367104515433311, 0.21847834127644697, 0.1718756522362431, 0.17160802924384674, 0.126297563003997, 0.1537635906909903, 0.1583910727252563, 0.0860042783121268, 0.12142517821242411, 0.09679212685053547, 0.10379798787956436, 0.09486422680007915, 0.08517615986056626, 0.07821160306533177, 0.07936542388051748, 0.07116758365494509, 0.07802413124591112, 0.10177991865202785, 0.0772605436698844, 0.05861720000393689, 0.10830327775329351, 0.07200550419899325, 0.1983859445899725, 0.08387222420424223, 0.10868508974090219, 0.058242882058645286, 0.05591486603952944, 0.08561905760628481, 0.050551563035696745, 0.059333574725314975, 0.05298984454323848, 0.05227814079262316, 0.05867217519941429, 0.05959141324274242, 0.04560327638561527, 0.04766519732462863]

Loss test 0.048716655505510666
Acc test 0.98545295
