train_acc = [0.7600477, 0.7648195, 0.7646424, 0.7644312, 0.7643666, 0.76442355, 0.76462424, 0.7649892, 0.7645661, 0.7643808, 0.7644929, 0.76428276, 0.76432943, 0.7646066, 0.7647012, 0.76472414, 0.7643015, 0.76446265, 0.764644, 0.764835, 0.7647575, 0.76472116, 0.76403314, 0.7644273, 0.76442415, 0.76445013, 0.76452947, 0.764772, 0.7645101, 0.764549, 0.76466846, 0.76435244, 0.76503503, 0.7645896, 0.7648129, 0.76466805, 0.764756, 0.7648623, 0.76436573, 0.7647086, 0.7647374, 0.76449835, 0.7644318, 0.7643858, 0.7647345, 0.7649503, 0.7647688, 0.7645922, 0.7649036, 0.7644034]
valid_acc = [0.78340083, 0.7829575, 0.779582, 0.78482866, 0.7823639, 0.78363734, 0.78217125, 0.7834682, 0.78057367, 0.79363185, 0.7785643, 0.7757664, 0.7836122, 0.7748415, 0.7864174, 0.7862608, 0.7702295, 0.7865235, 0.7874066, 0.7840255, 0.78052974, 0.7826368, 0.78210497, 0.7809658, 0.78180283, 0.7821272, 0.7845637, 0.7833805, 0.77657336, 0.784734, 0.78085583, 0.78313285, 0.78796285, 0.7729049, 0.78129953, 0.77951956, 0.7859518, 0.7830151, 0.7731349, 0.7845238, 0.7863665, 0.7722187, 0.78626466, 0.78104544, 0.7834854, 0.7789491, 0.7859578, 0.7793679, 0.78169686, 0.7844021]
train_loss = [0.554527877715596, 0.5453418467128486, 0.545707853216874, 0.5460355036091387, 0.5459586204143992, 0.5458874838394031, 0.5456534919508716, 0.5451848360530117, 0.5455989220686126, 0.5460490022312131, 0.5457980700752192, 0.5460683272073144, 0.5458335824180067, 0.5454634841074023, 0.5455342105083298, 0.5455702300134458, 0.546132776298021, 0.5458988168260508, 0.5456198571543944, 0.5454872506752348, 0.5456403190629524, 0.545555387934049, 0.5464106460935191, 0.5458519095391557, 0.5459536557134829, 0.5458908342478568, 0.5457502148653331, 0.5455680032048309, 0.5459591853514052, 0.5457946289526788, 0.545621094996469, 0.5459179292645371, 0.5452530716072049, 0.5456871562882474, 0.5454383612724772, 0.5455369044814193, 0.5456486336494747, 0.5454607028187367, 0.5457609421328494, 0.5456020528810066, 0.5455785717880517, 0.5459926102245063, 0.5458157760532278, 0.5460692727774904, 0.5455272331049568, 0.5454025914271673, 0.5455746394500398, 0.5456464593870598, 0.5453638431795856, 0.5458215963945054]
valid_loss = [0.523645548770825, 0.5257487893104553, 0.5274484405914942, 0.5212185916801294, 0.5237703720728556, 0.5223184389372667, 0.5244948032001654, 0.5234766242404779, 0.5267218860487143, 0.5111260364452997, 0.5285948005815347, 0.5322548585633436, 0.5241096206009388, 0.5366135785977045, 0.5193935247759024, 0.5207672975957394, 0.5388406378527483, 0.5207546291251978, 0.5193362459540367, 0.5217799594004949, 0.5262118379275004, 0.525259201725324, 0.5270363663633665, 0.5262856769065062, 0.5270154302318891, 0.5255707117418448, 0.5224977545440197, 0.5224422514438629, 0.5311019147435824, 0.5228720493614674, 0.5267182365059853, 0.5242562467853228, 0.5173364033301672, 0.5361606230338415, 0.5273796084026495, 0.5288209170103073, 0.5202533130844434, 0.5241461284458637, 0.5383086378375689, 0.524778118977944, 0.5192560143768787, 0.5364440232515335, 0.5221216740707556, 0.5263198614120483, 0.522680381933848, 0.5294517017900944, 0.5194547983507315, 0.5281970935563246, 0.5251112307111422, 0.5213604159653187]

Loss test 0.5529882907867432
Acc test 0.7589453
