train_acc = [0.697997, 0.7857793, 0.8000179, 0.8035046, 0.83025956, 0.84297687, 0.85162026, 0.86186445, 0.8642562, 0.87139106, 0.87378824, 0.90785325, 0.91593945, 0.9184064, 0.9193122, 0.92813224, 0.9318597, 0.923539, 0.93641216, 0.9462259, 0.9446142, 0.9317185, 0.9548997, 0.9434323, 0.94920355, 0.96075875, 0.95204717, 0.9542331, 0.9579847, 0.96253157, 0.96995413, 0.9608902, 0.9703336, 0.960963, 0.9509085, 0.96890616, 0.97319967, 0.9714005, 0.97331655, 0.9733362, 0.9689217, 0.9748518, 0.9759646, 0.97766, 0.9507726, 0.97202784, 0.9775087, 0.97800344, 0.97195524, 0.9789092]
valid_acc = [0.699043, 0.75660366, 0.84860975, 0.8469885, 0.771122, 0.7472207, 0.7315394, 0.8018171, 0.7831254, 0.6496931, 0.8304817, 0.8672457, 0.80929875, 0.8892743, 0.81531596, 0.9079011, 0.8284662, 0.9086394, 0.9123706, 0.9393539, 0.889702, 0.89043504, 0.8935623, 0.9074631, 0.8984225, 0.90307903, 0.9197793, 0.859328, 0.9340976, 0.9410879, 0.9359348, 0.95234364, 0.91781974, 0.8830034, 0.96679157, 0.96543336, 0.9481389, 0.952827, 0.91812825, 0.96253586, 0.94403267, 0.9500466, 0.94866925, 0.96229905, 0.95475245, 0.9590192, 0.95531297, 0.96153, 0.9642694, 0.96252984]
train_loss = [0.637975282313531, 0.49531750929983037, 0.4279010578205711, 0.4131036332824774, 0.3630677043345937, 0.34083308632436554, 0.31733758956716773, 0.30679081929357427, 0.3014121004625371, 0.2859078312390729, 0.2803826170009479, 0.22673352376410835, 0.20922901402962835, 0.20363684567181686, 0.20353288373403383, 0.18599802706586688, 0.17989724796069295, 0.19723372958731233, 0.1745895911988459, 0.1507150805963759, 0.1557378342799973, 0.18231011515385226, 0.13098229039787201, 0.1572586923445526, 0.14343077140419105, 0.11600421617428462, 0.13230070896577417, 0.12862807976310714, 0.1180056125709885, 0.10748366338380597, 0.08893628722350848, 0.1095170360058546, 0.0868547324483332, 0.10624814438715316, 0.13403156987930598, 0.0883941735680166, 0.07776580198684283, 0.08093353158287835, 0.07657487484577455, 0.07529442172432155, 0.08848492810992818, 0.07108844006270693, 0.06802018967113997, 0.06381437519009699, 0.1386189297364469, 0.07818459206375114, 0.06372467588567943, 0.06169304624199867, 0.07918225130752514, 0.0593383938008756]
valid_loss = [0.6184993709127108, 0.518685482442379, 0.44111238171656925, 0.3909752753873666, 0.4263950077195962, 0.42486682285865146, 0.43314653386672336, 0.3774496577680111, 0.4030619878321886, 0.53551043694218, 0.33953191215793294, 0.30543462621668976, 0.37545141267279786, 0.2674521232644717, 0.37926886479059857, 0.2415816696981589, 0.3651290759444237, 0.2335558980703354, 0.22188855148851871, 0.17143458841989437, 0.2576219451924165, 0.25424257417519885, 0.24656851030886173, 0.22461533111830553, 0.23974369342128435, 0.2243416141718626, 0.19332259458800158, 0.3072273066888253, 0.16327632187555233, 0.1505484882121285, 0.16049190051853657, 0.13223632362981638, 0.19639216301341852, 0.26834326920409995, 0.1048882994800806, 0.09904424039026101, 0.13287572221209606, 0.12400250229984522, 0.19447885857274136, 0.10247296358769138, 0.1424034694209695, 0.13033948450659713, 0.13058175736417374, 0.10102478104333083, 0.11626636252428095, 0.1061381873053809, 0.1149313539887468, 0.10322437528520823, 0.09399426061039169, 0.09949755575507879]

Loss test 0.08507738029584289
Acc test 0.9707859
