train_acc = [0.76454943, 0.76445997, 0.764351, 0.7641432, 0.7648035, 0.7646533, 0.7647779, 0.7648484, 0.76472366, 0.76442236, 0.7647033, 0.76475525, 0.76488805, 0.7644238, 0.76426005, 0.764394, 0.7644953, 0.7638856, 0.764524, 0.7645339, 0.7639978, 0.7643068, 0.76485735, 0.76466006, 0.76449597, 0.76456845, 0.76410055, 0.7648466, 0.764381, 0.764839, 0.76504046, 0.76471615, 0.7645242, 0.76462126, 0.7645897, 0.764589, 0.7648408, 0.76453, 0.764472, 0.764323, 0.7644829, 0.7650728, 0.76481575, 0.7645194, 0.76506346, 0.76435477, 0.7643476, 0.76422095, 0.7641279, 0.7645717]
valid_acc = [0.7814417, 0.7832044, 0.78296965, 0.7800562, 0.78021574, 0.78222966, 0.7809329, 0.78590435, 0.7803986, 0.777703, 0.7882368, 0.78242654, 0.7853327, 0.7814352, 0.77852774, 0.77999717, 0.791518, 0.7740605, 0.7799327, 0.7897393, 0.7824152, 0.77543277, 0.78183824, 0.7804869, 0.78116864, 0.77983594, 0.7843449, 0.7829178, 0.7811186, 0.78112173, 0.784914, 0.7809677, 0.7863002, 0.78329223, 0.78108406, 0.78340936, 0.7795647, 0.7802693, 0.78030014, 0.7720563, 0.7912639, 0.7805578, 0.77907467, 0.7870992, 0.7799034, 0.7823341, 0.78462297, 0.7797289, 0.782101, 0.780818]
train_loss = [0.5539147317932364, 0.5458572347436035, 0.5459260956237191, 0.5462108999490738, 0.5452619498236138, 0.5454851273904767, 0.5453692439355349, 0.545289071244106, 0.5454667079866978, 0.5458198519129502, 0.5454723450698351, 0.5454846257180498, 0.5452073687001279, 0.5456745336975968, 0.5460047361097837, 0.5459321345153608, 0.5457818659774044, 0.5463791805924031, 0.5456282410182451, 0.5456550398416686, 0.5463625396552839, 0.545787182554864, 0.54532445130641, 0.5454675259820202, 0.5457465572838198, 0.5456536148200956, 0.5462629962385747, 0.5453286552638338, 0.5458353276838336, 0.5453277125693204, 0.5451088806516245, 0.5454708230600023, 0.5456682420090625, 0.5455444055168253, 0.5455578411357445, 0.545560405965437, 0.5452978529951029, 0.5456892693774742, 0.545786911196876, 0.5459760560801155, 0.545707404352071, 0.5450090345060616, 0.5453203882564578, 0.5423696739108939, 0.515372406233821, 0.5459259419064773, 0.5458643376304392, 0.5460416739969923, 0.5461391602691851, 0.5456889274350384]
valid_loss = [0.5252938059469064, 0.5232124825318655, 0.5240321606397629, 0.5274802880982558, 0.5275983537236849, 0.5252200327813625, 0.5265897773206234, 0.520232276370128, 0.5267909690737724, 0.5299594340225061, 0.5180173739790916, 0.5242772723237673, 0.5216391459107399, 0.5252770148217678, 0.5296287586291631, 0.527901199956735, 0.5136510444184145, 0.5344025219480196, 0.5286699074010054, 0.5172803861399492, 0.5247722851733366, 0.5325876375039419, 0.5256511879463991, 0.526990799854199, 0.5255256270368894, 0.5284631053606669, 0.5236082697908083, 0.5241265979905924, 0.5267321988940239, 0.5253508426249027, 0.5207162462174892, 0.5272675504287084, 0.5189492528637251, 0.5244326492150625, 0.5255712990959486, 0.5254079711933931, 0.5275619787474474, 0.52656472971042, 0.5266432277858257, 0.5371533557772636, 0.5145518767337004, 0.5269807813068231, 0.5284287159641584, 0.44377854590614635, 0.5269684307277203, 0.5248231751223406, 0.5214847226937612, 0.5287956409156322, 0.5245297526319822, 0.5264208900431792]

Loss test 0.5512342651685079
Acc test 0.75984746
