train_acc = [0.77712256, 0.7830292, 0.7833404, 0.78334, 0.7828908, 0.7827693, 0.78296757, 0.7835344, 0.78269124, 0.7834207, 0.7826534, 0.78361285, 0.783555, 0.78306526, 0.7833132, 0.78355587, 0.7834643, 0.783058, 0.7836169, 0.78330344, 0.7832627, 0.7836764, 0.78320813, 0.7831734, 0.78342277, 0.78303003, 0.7837513, 0.7835635, 0.7834975, 0.7831865, 0.78287363, 0.78340465, 0.7835367, 0.783408, 0.78319615, 0.78369606, 0.78353333, 0.78344804, 0.7830446, 0.7833996, 0.78297466, 0.7826876, 0.78339136, 0.7834591, 0.7836988, 0.78289425, 0.7829332, 0.7837464, 0.7828249, 0.7829807]
valid_acc = [0.8058092, 0.8024243, 0.80966836, 0.8072405, 0.80295074, 0.8045842, 0.80375415, 0.79576755, 0.8141521, 0.80819863, 0.8015138, 0.8112901, 0.8075876, 0.79897577, 0.8056734, 0.8097189, 0.81182843, 0.800368, 0.8078806, 0.80612487, 0.8062086, 0.80675066, 0.8012066, 0.8071743, 0.80446374, 0.8034234, 0.81381047, 0.79996425, 0.8082763, 0.80626297, 0.80677605, 0.8018158, 0.8045778, 0.81110084, 0.80311394, 0.8060301, 0.81069183, 0.79787683, 0.807944, 0.80856675, 0.80622494, 0.8048471, 0.81291276, 0.80065936, 0.8006527, 0.8119284, 0.802272, 0.81031513, 0.80174696, 0.80600536]
train_loss = [0.6467435278390583, 0.5821880911525927, 0.5529274946764896, 0.5385229669119183, 0.5316056700129258, 0.5278547343454862, 0.5255509891008076, 0.5236931593794572, 0.5240215458368, 0.5227808362559269, 0.5235112209069102, 0.5222054600715638, 0.5222019888852772, 0.5227785966898265, 0.5224380035149424, 0.5221149601434406, 0.5222287758400566, 0.5227413036321339, 0.5220186606833809, 0.5224190492379038, 0.5224707976767892, 0.5219670254933206, 0.5225397003324408, 0.5225822536568893, 0.5222672722841564, 0.5227685649144022, 0.5218410601741389, 0.5220822531926005, 0.5221675298715892, 0.522566491051724, 0.5229695342089, 0.5222869810305144, 0.5221292351421557, 0.5222843214085228, 0.5225539263926055, 0.5219137743899697, 0.5221216521765056, 0.5222297822174273, 0.5227510828720896, 0.5222939281087172, 0.5228389281975595, 0.5232094071413341, 0.5223087276283064, 0.5222179296769593, 0.5219128367147947, 0.5229441015343917, 0.5228950171094192, 0.5218507757312373, 0.5230323964043667, 0.5228348964139035]
valid_loss = [0.596376684308052, 0.5520836174488067, 0.5230516135692597, 0.51201201826334, 0.5090062290430069, 0.5031386137008667, 0.5014556184411049, 0.5091766268014908, 0.48630553781986235, 0.49262930899858476, 0.5003657981753349, 0.48784850984811784, 0.49222339540719984, 0.5028901904821396, 0.4942785546183586, 0.48902999311685563, 0.48624740689992907, 0.5008326143026351, 0.4911950394511223, 0.49340220391750333, 0.49328348636627195, 0.49255377650260923, 0.4996698036789894, 0.4920075207948685, 0.4954738602042198, 0.49680141657590865, 0.48341155499219896, 0.5012354627251625, 0.4905031338334084, 0.4931231692433357, 0.4924677699804306, 0.49885542690753937, 0.49526517689228056, 0.4869063779711723, 0.4971596136689186, 0.49340849220752714, 0.4874058797955513, 0.503895117342472, 0.49095379263162614, 0.49014570116996764, 0.4931666165590286, 0.4949712321162224, 0.48458727449178696, 0.5003590539097786, 0.5003521889448166, 0.4858854904770851, 0.4983020007610321, 0.4879248157143593, 0.4989254280924797, 0.4934824749827385]

Loss test 0.528538690507412
Acc test 0.77871
