train_acc = [0.78137976, 0.78314215, 0.78356165, 0.783306, 0.783191, 0.78319895, 0.78382045, 0.7831664, 0.7834211, 0.7837175, 0.7836473, 0.7838414, 0.7835311, 0.78332824, 0.8327354, 0.9161923, 0.9104638, 0.91848284, 0.94131786, 0.9568757, 0.9567414, 0.93502307, 0.9394365, 0.96694326, 0.9529674, 0.9608658, 0.9677127, 0.9768366, 0.9814837, 0.98076355, 0.9846351, 0.9837681, 0.9670207, 0.9838587, 0.9817497, 0.9773906, 0.98330134, 0.98505473, 0.98569655, 0.98693013, 0.987319, 0.98758537, 0.98746765, 0.9883412, 0.9881999, 0.98833996, 0.98858845, 0.9500157, 0.97979087, 0.9847489]
valid_acc = [0.8065011, 0.8079278, 0.80536956, 0.80786055, 0.80135167, 0.8066536, 0.80533886, 0.8065251, 0.80866784, 0.8070898, 0.79657114, 0.80216485, 0.81377715, 0.80483377, 0.9092848, 0.7554443, 0.9309406, 0.9132816, 0.9508918, 0.9536886, 0.96239454, 0.9437951, 0.93136656, 0.9580127, 0.9421574, 0.959223, 0.9475502, 0.9680414, 0.97408503, 0.9732841, 0.9630259, 0.9630982, 0.96938497, 0.96218455, 0.9724083, 0.9664877, 0.9738199, 0.97706807, 0.97435486, 0.97563314, 0.97895116, 0.975457, 0.97452515, 0.97453535, 0.9756567, 0.9748747, 0.9803362, 0.9711691, 0.97467643, 0.9763025]
train_loss = [0.5567242167497936, 0.40970942409414995, 0.4002767227197948, 0.3985011543098249, 0.38177242686873986, 0.4390611289363158, 0.3935029713731063, 0.3905952005009902, 0.38814768728457, 0.38201385014935546, 0.37301758621868336, 0.3637071038547315, 0.3550677003044831, 0.3141498990749058, 0.28007652383101617, 0.2446904767500727, 0.245597904920578, 0.22522285612005938, 0.19379548289273915, 0.16509252457242263, 0.15995651146298961, 0.19768583923578262, 0.1773769922946629, 0.13094387650489808, 0.15127569311543515, 0.13165577132450906, 0.116433842166474, 0.09728671759366989, 0.0855398569844271, 0.08395225605682323, 0.07330651334241817, 0.07272988322534059, 0.10464357702355635, 0.07040473156069454, 0.07252956162157811, 0.08073450099480779, 0.06688831311307455, 0.06171586023349511, 0.05929881738204705, 0.05561409910258494, 0.05364726381866555, 0.05208883661972849, 0.05144321051867385, 0.04870482369473106, 0.04826162573146193, 0.04728019070860587, 0.046160489752104406, 0.13784125976656614, 0.06682218658296686, 0.053629964413611515]
valid_loss = [0.3887918770313263, 0.3500183761119843, 0.3425009772181511, 0.3730319231748581, 0.36354155987501147, 0.3548401057720184, 0.35236713737249375, 0.3555896610021591, 0.34985550567507745, 0.362001833319664, 0.344235771894455, 0.3235268943011761, 0.2567819632589817, 0.3061430498957634, 0.23834167942404746, 0.3499250873923302, 0.21052230671048164, 0.2146086126565933, 0.16940886862576007, 0.14983745776116847, 0.13197870291769503, 0.16324726305902004, 0.1692756675183773, 0.12818786650896072, 0.15817724466323851, 0.1211116336286068, 0.1357450529932976, 0.10157204661518335, 0.08833054713904857, 0.08967251349240542, 0.10458701513707638, 0.10334093812853098, 0.0943573035299778, 0.10346745327115059, 0.08430466279387475, 0.09599224422127009, 0.07941333688795567, 0.07198405060917139, 0.0777198676019907, 0.07318839505314827, 0.06665000189095735, 0.07334907678887248, 0.07527126874774695, 0.07534388955682517, 0.07277515288442374, 0.07333330996334553, 0.06130156069993973, 0.08497080709785224, 0.07531231679022313, 0.07037504073232412]

Loss test 0.060140186548233034
Acc test 0.9818307
