train_acc = [0.77367926, 0.78296137, 0.78301924, 0.78358, 0.7835212, 0.783423, 0.7835892, 0.87677836, 0.90842557, 0.94449985, 0.94876516, 0.9539638, 0.9648532, 0.9718006, 0.9698879, 0.95124143, 0.9719442, 0.97239125, 0.9656487, 0.9555537, 0.9759369, 0.9785752, 0.9800103, 0.97002566, 0.97777194, 0.97495484, 0.9794904, 0.98236126, 0.9839741, 0.98445016, 0.9852129, 0.98427373, 0.9822038, 0.9857849, 0.9859666, 0.98627895, 0.9866248, 0.98670757, 0.98400503, 0.98699236, 0.9878637, 0.9877401, 0.9874816, 0.986721, 0.9798971, 0.98657787, 0.9831252, 0.98766446, 0.9883129, 0.988111]
valid_acc = [0.80701745, 0.80759114, 0.80616057, 0.8049237, 0.8074419, 0.808729, 0.8012088, 0.83652914, 0.8695749, 0.91624105, 0.8638978, 0.89844626, 0.92735803, 0.8866537, 0.93323934, 0.88690454, 0.94353426, 0.94439983, 0.9151127, 0.9429512, 0.9561335, 0.9680805, 0.9687918, 0.9539421, 0.9720913, 0.9769591, 0.9586542, 0.96688956, 0.9673387, 0.97257537, 0.9671661, 0.97140616, 0.9780844, 0.9805536, 0.97341955, 0.9804659, 0.97278154, 0.97828895, 0.97985286, 0.97852534, 0.9819935, 0.98245126, 0.97875565, 0.98067105, 0.9768551, 0.9798943, 0.98074216, 0.9819397, 0.9823446, 0.98301566]
train_loss = [0.5491680113892806, 0.4030485705325478, 0.33983258369721864, 0.3173357168310567, 0.2706426521665172, 0.38584416696899815, 0.29566398451202797, 0.26648186586405104, 0.24930623408995176, 0.21235300192707462, 0.19914292536283795, 0.18900122548404494, 0.17159399531389538, 0.15542347070417906, 0.1545711656150065, 0.1764329543239192, 0.1437343576236775, 0.13731694966554642, 0.14776167524488348, 0.1570394765389593, 0.1237927520745679, 0.11619201365270113, 0.11093274762755946, 0.12415446717488138, 0.11148949234109176, 0.11264606878945702, 0.10353780404517525, 0.09621638185099551, 0.09086167953516308, 0.08777657645313364, 0.0847575589230186, 0.08511868444712538, 0.0870205690594096, 0.0785566609548895, 0.07651951544378933, 0.07475296560870974, 0.07273676728731708, 0.07118430365073053, 0.07627558959157843, 0.06852198286276115, 0.06563524803832958, 0.06486906189667552, 0.06445134250741257, 0.06527113871354806, 0.07925453013495395, 0.06413097777648975, 0.0709065817296505, 0.06057546648539995, 0.05850558226045809, 0.05789681422083001]
valid_loss = [0.5198167219758034, 0.4232966899871826, 0.33274298906326294, 0.3620263054966927, 0.47016096860170364, 0.38284171745181084, 0.35719904974102973, 0.3180124141275883, 0.2925860062241554, 0.24165864884853364, 0.27902351319789886, 0.2506698690354824, 0.21159672737121582, 0.25127858892083166, 0.188905468583107, 0.2470839262008667, 0.17350554876029492, 0.17049788050353526, 0.20114388465881347, 0.16561773978173733, 0.14117466434836387, 0.12054198756814002, 0.11680580861866474, 0.14230070859193802, 0.11197943985462189, 0.10114777125418187, 0.12888849452137946, 0.11161662712693214, 0.10757315047085285, 0.099371138215065, 0.10742416232824326, 0.09823924768716097, 0.08597619421780109, 0.07769716214388608, 0.09190352857112885, 0.0773790281265974, 0.09062109608203173, 0.07847228366881609, 0.07689556907862424, 0.07734534218907356, 0.07020092494785786, 0.06897992100566626, 0.07550829425454139, 0.07087667435407638, 0.07621286045759916, 0.0709694791585207, 0.06929766479879618, 0.06603022646158933, 0.06620129458606243, 0.06319509632885456]

Loss test 0.06694545857608318
Acc test 0.98329604
