train_acc = [0.7821355, 0.78104293, 0.7827019, 0.7834183, 0.7835686, 0.78355956, 0.7833127, 0.7828594, 0.78334606, 0.7836225, 0.7834451, 0.78316635, 0.7830831, 0.78314054, 0.783444, 0.7834502, 0.7837264, 0.79950243, 0.8281932, 0.8745674, 0.9271795, 0.90346694, 0.9079354, 0.9513154, 0.96185553, 0.95916986, 0.9751894, 0.95324737, 0.9567056, 0.9738004, 0.981348, 0.9833206, 0.98378175, 0.9843646, 0.9863047, 0.98636365, 0.9879881, 0.9883797, 0.98886436, 0.9886906, 0.9489173, 0.9788265, 0.9529458, 0.98466164, 0.9846368, 0.98846394, 0.98921967, 0.9892373, 0.98935395, 0.97058153]
valid_acc = [0.806348, 0.8127657, 0.80247736, 0.8045708, 0.80548704, 0.8091982, 0.80470306, 0.8028609, 0.8039069, 0.8075582, 0.8076037, 0.8063391, 0.8034708, 0.80760574, 0.7994573, 0.8093813, 0.8073594, 0.8524461, 0.856418, 0.92831165, 0.9358368, 0.9138697, 0.8388098, 0.9476077, 0.91117585, 0.9508026, 0.96734655, 0.95249736, 0.94666636, 0.97234094, 0.9723278, 0.9725033, 0.97632825, 0.9695967, 0.9760237, 0.9776689, 0.9754456, 0.97915936, 0.97802734, 0.98247707, 0.8559933, 0.9741861, 0.9751619, 0.9545561, 0.9723012, 0.97471654, 0.97952825, 0.9545845, 0.9787958, 0.97656614]
train_loss = [0.5421774108158914, 0.5332600700227837, 0.4132055709236547, 0.4039338347158934, 0.3992055456889303, 0.42130185773498136, 0.40469139218330386, 0.3955688674198954, 0.40247232349295364, 0.3997864478512814, 0.3864983276316994, 0.37636066094825144, 0.3779999298484702, 0.37980901724413824, 0.3551218351251201, 0.3738320112228394, 0.3496829345038063, 0.32040118230016607, 0.32956866104351845, 0.27247235445599804, 0.2058777923646726, 0.2456576960651498, 0.22896461706412466, 0.15031808528460955, 0.12176185269889078, 0.12443563561690481, 0.08498251665579645, 0.12882784542284514, 0.12502794187319907, 0.08164962306618691, 0.06331435790971705, 0.055962173993650235, 0.05281770409722077, 0.05023550767647593, 0.04536529246129488, 0.043724358944516435, 0.039280704173602556, 0.03733514615971791, 0.035633525664084835, 0.035419875050061625, 0.14127240035878985, 0.0647244385002475, 0.11826881654560566, 0.04795781173988393, 0.04642655096556011, 0.03691830378221838, 0.03426532035595492, 0.03354079715515438, 0.0329575682941236, 0.07804484192870165]
valid_loss = [0.39408962726593016, 0.38115241974592207, 0.378535632789135, 0.3695887625217438, 0.36725284308195116, 0.3701265275478363, 0.35390021800994875, 0.3731459304690361, 0.3603556424379349, 0.369566436111927, 0.34395645260810853, 0.3642980262637138, 0.3211261257529259, 0.3451364263892174, 0.3529072493314743, 0.3553646862506866, 0.2818605870008469, 0.26667154058814047, 0.2751601777970791, 0.19568775370717048, 0.17906047105789186, 0.22758367657661438, 0.29569901525974274, 0.1354709282517433, 0.19518538378179073, 0.130366001278162, 0.09766916763037443, 0.12539365515112877, 0.15715857669711114, 0.08345490507781506, 0.08281371165066957, 0.08107854444533587, 0.07224858794361352, 0.08894807752221823, 0.07323014810681343, 0.06805274495854974, 0.07413707152009011, 0.06386767122894525, 0.06638959776610136, 0.05432165926322341, 0.28925817273557186, 0.07869313452392816, 0.07493047285825014, 0.1299118822440505, 0.08312904853373766, 0.07482867203652858, 0.06085334336385131, 0.13136519771069288, 0.06317142844200134, 0.07102235052734614]

Loss test 0.06442669061943888
Acc test 0.9787141
