train_acc = [0.7832993, 0.7834206, 0.7830314, 0.7824998, 0.7833331, 0.7832494, 0.783674, 0.78339684, 0.78340256, 0.78284496, 0.7830841, 0.78313416, 0.84833765, 0.8946818, 0.9061992, 0.9252472, 0.9265587, 0.9290369, 0.948116, 0.9514489, 0.9480456, 0.96109104, 0.95274353, 0.9393685, 0.96527314, 0.97094905, 0.9720817, 0.9631947, 0.9756026, 0.98041147, 0.95384973, 0.97906244, 0.9811105, 0.9825282, 0.9815198, 0.9681473, 0.982343, 0.975434, 0.9853397, 0.96734834, 0.9758076, 0.982456, 0.9858896, 0.9849049, 0.9865582, 0.98350555, 0.9869592, 0.9674897, 0.9785159, 0.9868124]
valid_acc = [0.80594426, 0.80417615, 0.8103132, 0.80636823, 0.80509835, 0.80603963, 0.8062725, 0.81314546, 0.8016431, 0.8059287, 0.80384505, 0.8047377, 0.8554554, 0.9045027, 0.9208061, 0.9076227, 0.8928463, 0.88805807, 0.92723733, 0.9097439, 0.9388067, 0.9271242, 0.94877815, 0.94284725, 0.97065467, 0.95339406, 0.9475454, 0.9717902, 0.97626936, 0.9698307, 0.965114, 0.9713713, 0.9644421, 0.9691265, 0.974547, 0.96410674, 0.9080216, 0.9750366, 0.9686123, 0.9293858, 0.9762106, 0.9686394, 0.97554314, 0.9788414, 0.9784296, 0.98065853, 0.9756464, 0.97281456, 0.97130793, 0.97684443]
train_loss = [0.6100514788376658, 0.47666981408470555, 0.391838768908852, 0.387066145005979, 0.38394553222154315, 0.3730635712021276, 0.375439788008991, 0.36519377419823096, 0.3377256060901441, 0.3273817016890174, 0.3404525876045227, 0.2801440805196762, 0.2689989307993337, 0.2657071825705076, 0.25265371250478846, 0.2272472140036131, 0.22234117357354416, 0.21354131761350129, 0.1887440937130075, 0.17952979332522342, 0.17958954219755374, 0.1563184713062487, 0.1670406447429406, 0.19355459503437344, 0.14674247071931237, 0.12889312905700584, 0.12610792274537838, 0.13501621963162172, 0.11295086929672643, 0.10132412651651784, 0.1440740741397205, 0.10140902137285784, 0.09423331775163349, 0.08946982135898189, 0.08885826468467713, 0.1129462517797947, 0.08630214117859539, 0.09684889383221927, 0.0756554625928402, 0.10933080205791874, 0.0912599458114097, 0.07791322834397617, 0.07001359011781844, 0.07092732598907069, 0.06651702378141253, 0.07141465176092951, 0.06363493462926463, 0.1054358854105598, 0.07982007798395659, 0.061924769141172106]
valid_loss = [0.5338369607925415, 0.3667808070778847, 0.35019695311784743, 0.3511751562356949, 0.34640067666769025, 0.3467321038246155, 0.3468920230865479, 0.330657459795475, 0.2964648440480232, 0.385589736700058, 0.3336660906672478, 0.37125315368175504, 0.278903578966856, 0.2510984234511852, 0.21773924678564072, 0.22717221826314926, 0.22749813124537469, 0.23517536744475365, 0.1941890724003315, 0.20449290946125984, 0.1798883482813835, 0.17767214439809323, 0.15148027911782264, 0.16692559644579888, 0.11925261095166206, 0.13930503018200396, 0.1426447805017233, 0.10933893956243992, 0.09798259045928717, 0.1061448898166418, 0.113560751080513, 0.09943355545401573, 0.1108644224703312, 0.09877141863107682, 0.0915042620152235, 0.11826827898621559, 0.1944960795342922, 0.08708931561559438, 0.0982348220422864, 0.1620436366647482, 0.08237843178212642, 0.0945003617554903, 0.08112057596445084, 0.07476180605590343, 0.0757391383871436, 0.06990513373166322, 0.07924764864146709, 0.08872511498630047, 0.08644961174577474, 0.07476897835731507]

Loss test 0.06991122160106897
Acc test 0.98170316
