train_acc = [0.58488345, 0.7460278, 0.7782164, 0.78249204, 0.78271466, 0.78334, 0.78314793, 0.7830266, 0.7828847, 0.7831127, 0.7830575, 0.7835969, 0.7831782, 0.7833036, 0.7827985, 0.78299737, 0.7823225, 0.78295916, 0.78242093, 0.7832734, 0.7836655, 0.78419125, 0.79253346, 0.80902356, 0.81304276, 0.815432, 0.81740385, 0.81951463, 0.8245373, 0.8255731, 0.8301768, 0.83339, 0.8395284, 0.84291655, 0.84972125, 0.8513027, 0.8582913, 0.8624192, 0.87024665, 0.8704769, 0.87602586, 0.87786615, 0.8859699, 0.8833726, 0.8882575, 0.8918007, 0.8935381, 0.89538866, 0.89881057, 0.9023468]
valid_acc = [0.78695714, 0.8023691, 0.8028849, 0.80618703, 0.8045565, 0.80728495, 0.79679906, 0.8096387, 0.8110024, 0.7977478, 0.8066112, 0.80466634, 0.8028142, 0.8076194, 0.81288147, 0.8041258, 0.8082247, 0.8078572, 0.8040508, 0.80443335, 0.8047682, 0.8051187, 0.8265295, 0.7370776, 0.76387787, 0.76357514, 0.75260293, 0.74389213, 0.74519736, 0.76396275, 0.72025305, 0.7409287, 0.75032604, 0.7395774, 0.74195623, 0.75851023, 0.7558352, 0.74310166, 0.75173175, 0.73242563, 0.7243797, 0.71006525, 0.745849, 0.70598745, 0.7452201, 0.75760996, 0.73142624, 0.73936105, 0.7805302, 0.75090456]
train_loss = [0.6945240466218245, 0.6864309342283952, 0.6759279451872173, 0.6633574981438486, 0.6511156740941499, 0.6385944128036499, 0.6262727323331331, 0.613771685173637, 0.601612809457277, 0.5892945735078109, 0.5771137413225675, 0.5644212183199431, 0.5522181416812696, 0.5398481701549731, 0.5280734717845916, 0.5157618466176485, 0.5048696310896622, 0.4936490595340729, 0.4837110924093347, 0.4739901652461604, 0.46464300845798695, 0.45627610432474236, 0.4462333475288592, 0.4355404126016717, 0.4251642478139777, 0.41573956357805353, 0.4075866661573711, 0.4005518433294798, 0.3927882442348882, 0.3861932403162906, 0.3775891523612173, 0.37136073081116927, 0.36127245677144904, 0.3545430384184185, 0.34352601829328033, 0.3375134883742583, 0.32692008238089715, 0.31684249388544183, 0.3050151192828229, 0.3002915277292854, 0.2897117821793807, 0.2876677952314678, 0.2710800848509136, 0.274609301905883, 0.26531662282190827, 0.26168985790327975, 0.2563631203613783, 0.25178715539605995, 0.24632006224833036, 0.23769877647098742]
valid_loss = [0.6887853413820266, 0.6811254620552063, 0.6723890185356141, 0.6618928283452987, 0.6560066163539886, 0.6460770249366761, 0.6388172715902328, 0.6295847713947296, 0.6211348980665207, 0.6149042665958404, 0.6054484248161316, 0.6011477708816528, 0.5922436475753784, 0.584717071056366, 0.5748450994491577, 0.5622000396251678, 0.5582168132066727, 0.5501768738031387, 0.5331745266914367, 0.5344090536236763, 0.5230852723121643, 0.5100464075803757, 0.4980605438351631, 0.5021472379565239, 0.48600954562425613, 0.4710119366645813, 0.47410036623477936, 0.4774229943752289, 0.46563999354839325, 0.45685202181339263, 0.4799256965517998, 0.45896943360567094, 0.4442418962717056, 0.45202971398830416, 0.45543458461761477, 0.4281926304101944, 0.43730196356773376, 0.44488729536533356, 0.43794501572847366, 0.4545572981238365, 0.46452165246009824, 0.4767376661300659, 0.44468029886484145, 0.4849840670824051, 0.44678347557783127, 0.43844976723194123, 0.4613070398569107, 0.4579279452562332, 0.4149832397699356, 0.4468844309449196]

Loss test 0.39024064540863035
Acc test 0.81813353
