train_acc = [0.7834086, 0.78291833, 0.78332824, 0.78344697, 0.7830584, 0.7833873, 0.78309196, 0.7835758, 0.78327686, 0.7833009, 0.7831178, 0.783367, 0.7833296, 0.78322023, 0.83290404, 0.93276674, 0.9227469, 0.94434285, 0.9537721, 0.9611651, 0.9628825, 0.9576379, 0.9664253, 0.9648276, 0.966696, 0.9720931, 0.9642716, 0.96004397, 0.97367567, 0.97754806, 0.94711655, 0.97704136, 0.9725931, 0.9781862, 0.9785195, 0.9784881, 0.9808165, 0.9775522, 0.954165, 0.9790272, 0.9762232, 0.9818479, 0.9712864, 0.94838315, 0.9783605, 0.9774311, 0.9824055, 0.9820587, 0.97858137, 0.9832864]
valid_acc = [0.80568755, 0.80601823, 0.8044422, 0.8009167, 0.80756617, 0.808359, 0.8072195, 0.8089264, 0.80955523, 0.8029386, 0.8064124, 0.8021286, 0.802536, 0.8072645, 0.91829836, 0.9295651, 0.9142767, 0.94071424, 0.93500155, 0.95952356, 0.96293557, 0.9535702, 0.9631853, 0.9075368, 0.9720686, 0.97485274, 0.94846183, 0.9678844, 0.97462845, 0.9766636, 0.96970004, 0.9753543, 0.9754909, 0.97005785, 0.9777409, 0.97720927, 0.97982943, 0.9770235, 0.97718126, 0.9740206, 0.97819203, 0.97851646, 0.9795078, 0.96740407, 0.97370946, 0.9648013, 0.9764503, 0.9767702, 0.9770325, 0.9807335]
train_loss = [0.6765768559355485, 0.6236560407437777, 0.44312395077002675, 0.38418344322003817, 0.37763432170215405, 0.34447687927045323, 0.31717105507850646, 0.2965748332048717, 0.32985400604574305, 0.29029968647580395, 0.2722076205830825, 0.25430724369852165, 0.23839415202015324, 0.3127062654808948, 0.24378391519973153, 0.23041436585940814, 0.2384241427245893, 0.21403478289905348, 0.19881987085467892, 0.1885142251064903, 0.18263030961940163, 0.18407688446735082, 0.17092564835360174, 0.16923678776151255, 0.16401948403371008, 0.15515117245285134, 0.16399263825855756, 0.16844139099121094, 0.1464950810137548, 0.13785667419433595, 0.17571765741235332, 0.13489944942687687, 0.13984756532468293, 0.12864186183402412, 0.12683080607338956, 0.12468032256553048, 0.11902509449343933, 0.12147531901535234, 0.15342730119040138, 0.11755464531873402, 0.11951522286001005, 0.10976248265881287, 0.12424168249494151, 0.16433510890132502, 0.11237646153098658, 0.11280351618402883, 0.10245723920433145, 0.10139061902698718, 0.10584592411392614, 0.09717187646188234]
valid_loss = [0.6566881954669952, 0.5665154695510864, 0.4112001404166222, 0.42820693701505663, 0.3889965325593948, 0.35023588687181473, 0.3619712501764297, 0.3311753161251545, 0.3202254451811314, 0.30180163085460665, 0.2861572042107582, 0.255388468503952, 0.25504689291119576, 0.2940865233540535, 0.2433500573039055, 0.22801321670413016, 0.2316356398165226, 0.2091849461197853, 0.20446454957127572, 0.17591798752546312, 0.16590640358626843, 0.17424301542341708, 0.158825396746397, 0.21624300591647624, 0.1437153611332178, 0.13868257626891137, 0.16260344795882703, 0.1461748883128166, 0.12648585624992847, 0.12782355062663556, 0.1340982060879469, 0.12466849870979786, 0.12192189507186413, 0.12535870037972927, 0.11323439627885819, 0.11597377769649028, 0.10788748562335967, 0.1085215736180544, 0.11068227663636207, 0.11146604008972645, 0.10637969262897969, 0.10229183994233608, 0.0999129567295313, 0.11973529681563377, 0.1087052047252655, 0.11675681527704, 0.09799536913633347, 0.10393788237124682, 0.0933349583297968, 0.09140163697302342]

Loss test 0.10039096735417843
Acc test 0.9797392
