train_acc = [0.6992304, 0.78101087, 0.7831724, 0.783924, 0.7888065, 0.7966698, 0.8037419, 0.8063454, 0.8112817, 0.81509584, 0.8196367, 0.82594895, 0.83034545, 0.83570147, 0.8433435, 0.8493932, 0.855592, 0.8671168, 0.8633907, 0.8729484, 0.8790836, 0.8800462, 0.8832086, 0.88835657, 0.8952395, 0.89852554, 0.9079097, 0.90831137, 0.91060287, 0.9118241, 0.9154194, 0.918011, 0.91799635, 0.9199138, 0.9210021, 0.92487097, 0.92657614, 0.9259801, 0.9298495, 0.92957795, 0.9357066, 0.93470436, 0.938797, 0.941, 0.93339396, 0.9414403, 0.94168395, 0.94515735, 0.94067806, 0.9468273]
valid_acc = [0.8030958, 0.803841, 0.80758226, 0.8172604, 0.7443315, 0.73616344, 0.7093264, 0.7369901, 0.6908154, 0.6887442, 0.7216335, 0.7201233, 0.71787727, 0.72536445, 0.74505407, 0.6969181, 0.7386055, 0.75015193, 0.7352714, 0.730162, 0.7170724, 0.7095105, 0.7515347, 0.7275754, 0.75804305, 0.7646768, 0.7491441, 0.7438252, 0.7338313, 0.7349104, 0.7132691, 0.83777523, 0.7349729, 0.7392789, 0.7791778, 0.8030901, 0.7899795, 0.81540394, 0.83634627, 0.8258713, 0.8067459, 0.82018125, 0.8687531, 0.76508385, 0.7577588, 0.8219242, 0.8456087, 0.83214855, 0.83124447, 0.8135853]
train_loss = [0.6825157083963093, 0.6645412018424586, 0.6453254229144046, 0.6219588424030104, 0.5943921158188268, 0.5624067017906591, 0.5305707206851558, 0.5010968722795185, 0.47678343841904086, 0.45478485571710686, 0.43595983825231854, 0.4169946485444119, 0.4007852799014041, 0.383561310642644, 0.36756817165173983, 0.35190186092728065, 0.3381974957491222, 0.3158990245116384, 0.3147346862052616, 0.3001970581318203, 0.2882972568273544, 0.27926595493366846, 0.2730352168020449, 0.2603889335142939, 0.2502651694573854, 0.24267264573197617, 0.2257898321277217, 0.22575879332266355, 0.22318036164108077, 0.21978906110713356, 0.21257668686540504, 0.2076346547195786, 0.2075977087020874, 0.2049699438245673, 0.20436932272032687, 0.19590969273918554, 0.19220155987300372, 0.19674926455083647, 0.18396947172127273, 0.18733928909427242, 0.1750886780650992, 0.1750917026871129, 0.1682948915581954, 0.1624317815429286, 0.17923660380275627, 0.16085154492604106, 0.16324518832721208, 0.15173918291142113, 0.16219040602445603, 0.14942830902965445]
valid_loss = [0.675666230916977, 0.6655207723379135, 0.6511979877948761, 0.6431790381669998, 0.6311993867158889, 0.6175848186016083, 0.6125096440315246, 0.585226109623909, 0.584756362438202, 0.5845464557409287, 0.5504097193479538, 0.5269509002566337, 0.5238677799701691, 0.49875967502593993, 0.4784643009305, 0.5224653288722039, 0.4813244387507439, 0.4563503205776215, 0.476590470969677, 0.48028003573417666, 0.49467374831438066, 0.500519372522831, 0.4433877274394035, 0.4754810407757759, 0.44083442986011506, 0.4343233719468117, 0.4484576791524887, 0.46825139671564103, 0.48192778676748277, 0.47030826658010483, 0.4821185514330864, 0.34634078070521357, 0.46754642203450203, 0.4752118781208992, 0.4080045945942402, 0.3882846958935261, 0.4015085808932781, 0.3703415885567665, 0.3388526104390621, 0.3516254544258118, 0.3820412650704384, 0.36072773635387423, 0.29475007802248, 0.4508207872509956, 0.4653625667095184, 0.3637904509902, 0.32834442257881163, 0.34441078156232835, 0.346056105196476, 0.3753641776740551]

Loss test 0.3553132303059101
Acc test 0.83986604
