train_acc = [0.7834951, 0.78358847, 0.7834452, 0.7836201, 0.78301835, 0.7831615, 0.78329206, 0.7829742, 0.7833991, 0.78303105, 0.78324336, 0.7837083, 0.78323704, 0.7837386, 0.7823359, 0.7834845, 0.78293055, 0.78281265, 0.7827793, 0.78294325, 0.78338546, 0.78361404, 0.7837078, 0.78335637, 0.78336906, 0.78276384, 0.9227829, 0.9021866, 0.9006703, 0.9278946, 0.92690223, 0.9316968, 0.93278533, 0.93168753, 0.93662316, 0.927408, 0.93736666, 0.9341264, 0.94085985, 0.9435643, 0.9413566, 0.9440856, 0.9459214, 0.9404924, 0.9342575, 0.9489343, 0.94880056, 0.94970655, 0.9472961, 0.94924134]
valid_acc = [0.8044497, 0.8098799, 0.8017899, 0.80742437, 0.80602014, 0.8042941, 0.8087026, 0.8105432, 0.79626054, 0.8122095, 0.810335, 0.8131758, 0.80192626, 0.8061365, 0.7953962, 0.8128441, 0.8064467, 0.8081137, 0.8035847, 0.8042963, 0.80458677, 0.80902654, 0.80580693, 0.8026333, 0.8053287, 0.79105026, 0.8522152, 0.86999464, 0.84455186, 0.88937056, 0.8511103, 0.8562024, 0.87810767, 0.86611, 0.76686305, 0.8701687, 0.85544455, 0.8051523, 0.8816849, 0.8780443, 0.8935992, 0.9063757, 0.8654047, 0.8906187, 0.9097465, 0.9021467, 0.9283613, 0.93847466, 0.9215805, 0.92347586]
train_loss = [0.6602621869037025, 0.6052452896770678, 0.5509242760507684, 0.5067817713084973, 0.4739033987647609, 0.44420997061227496, 0.41642315795547086, 0.3924516982153842, 0.37384226980962254, 0.35518995492081895, 0.3399573893923509, 0.3285206203397952, 0.31630802829014626, 0.30449670082644414, 0.29978092610836027, 0.29255688033605876, 0.28946397822154196, 0.2806646881919158, 0.2842750979097266, 0.28205879754141755, 0.2762609186925386, 0.26093341739554154, 0.2565798042636169, 0.2554897882436451, 0.2510750645085385, 0.24969632468725506, 0.24504100680351257, 0.2640544238843416, 0.26402181198722435, 0.2386623004549428, 0.2407870120123813, 0.23458292797992103, 0.2330574040350161, 0.23244081766981828, 0.22935590791074853, 0.23718743245852622, 0.22868087825022246, 0.22886102983826084, 0.22233940849178715, 0.21953813166994798, 0.2219504836358522, 0.21808089958994012, 0.21656381832925897, 0.22131843833546888, 0.2247109924492083, 0.21110183204475202, 0.2103895294038873, 0.20896881316837512, 0.21239045450561925, 0.20912733454453317]
valid_loss = [0.6607560336589813, 0.635712081193924, 0.6017252296209336, 0.5684391051530838, 0.5399515390396118, 0.515358392894268, 0.4657529443502426, 0.4593869224190712, 0.465020976960659, 0.43090650737285613, 0.39321348667144773, 0.42095884680747986, 0.4207634747028351, 0.40136333405971525, 0.3959204450249672, 0.42155184894800185, 0.377293261885643, 0.36761191934347154, 0.4242637798190117, 0.3700525641441345, 0.35494993180036544, 0.34521301835775375, 0.3502044200897217, 0.3529784858226776, 0.31962901055812837, 0.3666183903813362, 0.31363329365849496, 0.30876586958765984, 0.32986641079187395, 0.29916041195392606, 0.3149363800883293, 0.32190658524632454, 0.29736284390091894, 0.3135778412222862, 0.3674506232142448, 0.30391243621706965, 0.315927567332983, 0.34628748893737793, 0.2900249153375626, 0.29533516615629196, 0.2805002458393574, 0.2697312667965889, 0.30120753720402715, 0.282141687721014, 0.26804215013980864, 0.2765643663704395, 0.24314047172665595, 0.23074726536870002, 0.248800690472126, 0.2437165543437004]

Loss test 0.24546577632427216
Acc test 0.940448
