train_acc = [0.77840394, 0.7827123, 0.78327, 0.78303206, 0.78342664, 0.78331894, 0.7835467, 0.7831367, 0.7837562, 0.78324723, 0.78392535, 0.7836367, 0.7835469, 0.7828913, 0.7835543, 0.78310233, 0.7827699, 0.78284127, 0.7829691, 0.7830797, 0.7835457, 0.78381747, 0.7830608, 0.7830674, 0.7829252, 0.78359056, 0.78382874, 0.7828274, 0.7828986, 0.78324234, 0.78318757, 0.7833533, 0.7830235, 0.7833278, 0.78348523, 0.78346574, 0.7834526, 0.7831442, 0.7834408, 0.78352284, 0.7834825, 0.7834974, 0.78343755, 0.7833436, 0.78348726, 0.7832353, 0.78301924, 0.78325325, 0.78391147, 0.78386325]
valid_acc = [0.806174, 0.80505925, 0.8040749, 0.80708045, 0.80355597, 0.8021809, 0.8078203, 0.8052233, 0.80764234, 0.8074961, 0.8033654, 0.8068619, 0.79964286, 0.80917597, 0.8067436, 0.80610114, 0.8060595, 0.8078243, 0.80134237, 0.808287, 0.8062709, 0.80514944, 0.80239403, 0.8086756, 0.7995434, 0.8106573, 0.80422527, 0.80142176, 0.8068188, 0.8008617, 0.8116751, 0.8027334, 0.80249655, 0.8086513, 0.8061861, 0.79883724, 0.80553377, 0.8094969, 0.80429506, 0.8077423, 0.8055733, 0.8037268, 0.80858386, 0.80226976, 0.8069064, 0.80822057, 0.8060419, 0.81043416, 0.80175257, 0.8122881]
train_loss = [0.550854691392497, 0.5231942474842072, 0.5225844976149108, 0.5228586397672954, 0.5222908026293704, 0.5224917747472462, 0.5221341026456733, 0.5227122391525068, 0.5219349261961486, 0.5225594686834436, 0.5216936864350972, 0.5221084387678849, 0.522168766511114, 0.5230543205612584, 0.5221794209982219, 0.5227640255501396, 0.5231468404594221, 0.5230895180451243, 0.5229392886161804, 0.522734227619673, 0.5221881684504057, 0.5218363539168709, 0.522807155471099, 0.5228372520522068, 0.5229399401890604, 0.5221648335456848, 0.5218170369926252, 0.5231114447116851, 0.5229422437517266, 0.5225462260999177, 0.522668384878259, 0.5224165144719576, 0.5228601860372644, 0.5224658646081624, 0.5222628860097183, 0.5222595688543822, 0.5223337678532851, 0.5227156021093068, 0.5223476761265805, 0.5222357426819049, 0.5222755996804488, 0.5222323750194751, 0.5223200907832698, 0.522436514339949, 0.5222770465047736, 0.5226170953951383, 0.5228428520654377, 0.5225037963766801, 0.52171441693055, 0.5218178595367231]
valid_loss = [0.4935891553759575, 0.49609044641256334, 0.4959335312247276, 0.49208534210920335, 0.4961897775530815, 0.49819212406873703, 0.4912217929959297, 0.4944600030779839, 0.49146220833063126, 0.49126721173524857, 0.4964508473873138, 0.492969286441803, 0.5011562392115593, 0.48918540924787524, 0.4923390820622444, 0.49325707107782363, 0.49322485476732253, 0.49124339818954466, 0.4996221214532852, 0.489946673810482, 0.4930840954184532, 0.49458601623773574, 0.49815707057714465, 0.49015383422374725, 0.5013979032635689, 0.48781800270080566, 0.4959355294704437, 0.4992873892188072, 0.4935760676860809, 0.5001816883683204, 0.4858802959322929, 0.4974596485495567, 0.49819514751434324, 0.4906399309635162, 0.4928112640976906, 0.5026195019483566, 0.4941649541258812, 0.4887239530682564, 0.4956012263894081, 0.49127447605133057, 0.4940152406692505, 0.4969013467431068, 0.4904873475432396, 0.49861514419317243, 0.49273412078619006, 0.49062288403511045, 0.4935739830136299, 0.48682681769132613, 0.4991507038474083, 0.4855324253439903]

Loss test 0.529891486465931
Acc test 0.77763635
