train_acc = [0.7829964, 0.7831185, 0.78358024, 0.783281, 0.78335273, 0.7833272, 0.78315103, 0.7832165, 0.7831486, 0.7829636, 0.78304935, 0.7835723, 0.783232, 0.78334445, 0.78346413, 0.78307766, 0.78295344, 0.7830459, 0.7832526, 0.78324246, 0.7827749, 0.7836563, 0.78313094, 0.7833068, 0.78297687, 0.7831682, 0.7829222, 0.7835348, 0.783143, 0.7829828, 0.7831567, 0.78336513, 0.7831468, 0.7829999, 0.78351474, 0.7827974, 0.7832902, 0.7831286, 0.7831376, 0.78355706, 0.7835007, 0.7833099, 0.7832281, 0.7829243, 0.7835086, 0.7833379, 0.7836694, 0.7832919, 0.7836784, 0.7832454]
valid_acc = [0.8062993, 0.8044424, 0.80354375, 0.8090464, 0.80751544, 0.80993557, 0.80457723, 0.8042175, 0.80623215, 0.8061472, 0.79578733, 0.808488, 0.8099266, 0.8038837, 0.8047346, 0.80584115, 0.80419886, 0.81072843, 0.8009968, 0.8091327, 0.8055733, 0.80638903, 0.8076525, 0.8060762, 0.80742776, 0.7981334, 0.8144121, 0.80554086, 0.80905473, 0.80094415, 0.80777645, 0.8075814, 0.8046667, 0.8054531, 0.80871344, 0.8000016, 0.8110034, 0.8056539, 0.80467796, 0.8068508, 0.8059179, 0.80501854, 0.8068045, 0.8098545, 0.8021801, 0.80467904, 0.8037158, 0.808893, 0.80357856, 0.8067792]
train_loss = [0.5325449909034529, 0.5229804358984295, 0.5192363892730913, 0.5258792409771367, 0.5226639104516883, 0.5226335356110021, 0.5228155361978631, 0.5227235411342822, 0.5229076454513951, 0.522959490198838, 0.5231036678740852, 0.5222318357542941, 0.5227502926399833, 0.5225720029128226, 0.5227366660770617, 0.5228901445865631, 0.5230213344097138, 0.5230550461693814, 0.5228468760063774, 0.5227572011320214, 0.5232369187631105, 0.5221653527335117, 0.5228230859103956, 0.5225758568236702, 0.5230479801955976, 0.5227587555584154, 0.5231263662639417, 0.5223381312269914, 0.5228673502018577, 0.5230065110482668, 0.5229556569927617, 0.5226569589815642, 0.5228944129065464, 0.5231868991726323, 0.5223682560418782, 0.5232348733826687, 0.5226692438125611, 0.5230151672112314, 0.522810560464859, 0.5225883998368915, 0.5223043604900962, 0.5226726651191711, 0.5227978477352544, 0.5230941923041093, 0.5224307715892792, 0.5224976084734264, 0.5221144249564723, 0.5227945515983983, 0.5218431632769736, 0.5226752061592905]
valid_loss = [0.49216816276311875, 0.4961031019687653, 0.42493706792593, 0.49346671253442764, 0.4925976350903511, 0.4881367743015289, 0.4944994628429413, 0.49664761275053027, 0.4938399448990822, 0.49535977095365524, 0.506542919576168, 0.4897367596626282, 0.4889192029833794, 0.4982441678643227, 0.49427794814109804, 0.4927867829799652, 0.494767627120018, 0.4860154062509537, 0.4991372346878052, 0.4885729655623436, 0.4956973895430565, 0.49362652748823166, 0.4911578357219696, 0.49245981872081757, 0.49096005856990815, 0.5041204616427422, 0.4834618553519249, 0.4941384389996529, 0.48822375386953354, 0.5013815566897393, 0.4917327269911766, 0.49088322222232816, 0.49582705497741697, 0.4951982259750366, 0.4907491818070412, 0.5015635341405869, 0.4874106287956238, 0.4939639538526535, 0.4938894510269165, 0.49200025349855425, 0.4935202345252037, 0.4937981963157654, 0.4916384756565094, 0.48838561326265334, 0.49848404079675673, 0.49453612715005874, 0.49607263058423995, 0.4913197547197342, 0.495389361679554, 0.4914263620972633]

Loss test 0.5306228220462799
Acc test 0.7775487
