train_acc = [0.74981296, 0.78002566, 0.78232616, 0.78317267, 0.7832983, 0.7836282, 0.7832124, 0.7834249, 0.78355646, 0.7831739, 0.7838285, 0.7834509, 0.78355414, 0.78283554, 0.78285885, 0.78352594, 0.78337705, 0.78368616, 0.7835892, 0.78349096, 0.783427, 0.78267884, 0.7832214, 0.783457, 0.7836743, 0.78370684, 0.78347945, 0.7832484, 0.78315264, 0.7838311, 0.7836195, 0.7833078, 0.78325856, 0.78376997, 0.7828591, 0.7829982, 0.78361696, 0.783785, 0.7832156, 0.78347874, 0.7832085, 0.7827979, 0.78342366, 0.7833319, 0.78322875, 0.7831542, 0.783186, 0.7828782, 0.7831676, 0.78324836]
valid_acc = [0.8012797, 0.80677354, 0.80266, 0.8056375, 0.8048849, 0.8045117, 0.80868036, 0.8052908, 0.8037599, 0.8083065, 0.80927527, 0.80811656, 0.8037149, 0.80683744, 0.80550575, 0.80591375, 0.8033204, 0.80888784, 0.80672455, 0.8071702, 0.8057998, 0.80606365, 0.8021952, 0.8070029, 0.8142694, 0.80359286, 0.79996645, 0.80269605, 0.8102853, 0.8085222, 0.80258924, 0.8098334, 0.8081783, 0.8012355, 0.8011206, 0.8036588, 0.80745506, 0.80854434, 0.80510646, 0.8040873, 0.80676526, 0.8080265, 0.80716115, 0.80732405, 0.80829066, 0.7997456, 0.80045974, 0.8095722, 0.80713415, 0.8069626]
train_loss = [0.690752146745983, 0.6829265167838648, 0.6758449058783682, 0.6691148500693472, 0.6627434479562859, 0.6566262609080264, 0.6508951180859616, 0.6453428983688354, 0.6400471568107605, 0.6351045784197356, 0.6301539998305471, 0.6256767473722759, 0.6212736562678688, 0.6173330664634704, 0.6133702830264443, 0.6093673593119571, 0.6057860123483758, 0.602203841585862, 0.5989301480745014, 0.5958072267080609, 0.5928127941332365, 0.5902754940484699, 0.5872856278168528, 0.5845494584033364, 0.5819083834949292, 0.5794764066997328, 0.5772836729099876, 0.5752080145635103, 0.5731570199916237, 0.5707532888964603, 0.5689378826241744, 0.5672725451620002, 0.56553721772997, 0.563522722219166, 0.5624773527446546, 0.5608492725773861, 0.5589531283629569, 0.557409760199095, 0.5564253562375119, 0.5549408605224208, 0.5538708075096733, 0.5529662571455303, 0.551383777354893, 0.5503276037542444, 0.5493418514728546, 0.5483856665460687, 0.5473857528284977, 0.546692074600019, 0.5455726874502081, 0.5446467835652201]
valid_loss = [0.685979750752449, 0.6780056953430176, 0.6708946108818055, 0.6635996758937835, 0.6569168478250503, 0.6505375117063522, 0.6437009811401367, 0.6384047448635102, 0.6330860197544098, 0.6266831010580063, 0.6212319076061249, 0.6165606141090393, 0.6131329715251923, 0.6076810002326966, 0.6038216531276703, 0.5995462149381637, 0.5965668082237243, 0.5906490683555603, 0.5878472417593003, 0.5841612726449966, 0.5814478069543838, 0.5781542509794235, 0.5769407600164413, 0.5717278778553009, 0.5651941388845444, 0.5679607331752777, 0.567378368973732, 0.5634585618972778, 0.5568490892648696, 0.5555241614580154, 0.5568281948566437, 0.5503673076629638, 0.5493163764476776, 0.5517530858516693, 0.5500465244054794, 0.5466378539800644, 0.5424125909805297, 0.5399868458509445, 0.5407538563013077, 0.5399506971240043, 0.5365758568048478, 0.5342494398355484, 0.5335048973560333, 0.5320553496479988, 0.530049805343151, 0.5353379294276237, 0.5336815044283867, 0.525489567220211, 0.5262738600373268, 0.5253696694970131]

Loss test 0.5485398739576339
Acc test 0.77803564
