train_acc = [0.77577263, 0.7834867, 0.7828281, 0.78281105, 0.78318065, 0.7834424, 0.7830824, 0.78321004, 0.7832727, 0.783361, 0.7835984, 0.783213, 0.7832381, 0.7832716, 0.7831867, 0.783451, 0.7833, 0.78315043, 0.7835198, 0.78349024, 0.7832875, 0.78365076, 0.7830217, 0.7833361, 0.7833403, 0.7830732, 0.7832191, 0.7835657, 0.78387123, 0.7832711, 0.78308386, 0.7828072, 0.78305584, 0.78315896, 0.7833899, 0.78285795, 0.7830815, 0.78310204, 0.7833677, 0.7833031, 0.7831849, 0.78342414, 0.78350157, 0.7831421, 0.78361255, 0.7830491, 0.78304243, 0.78337234, 0.78328145, 0.78349555]
valid_acc = [0.805673, 0.8058351, 0.80607337, 0.8043512, 0.81082, 0.79940647, 0.80730516, 0.8020439, 0.8044838, 0.80707026, 0.80926484, 0.79881626, 0.8109611, 0.80537874, 0.8089653, 0.8026414, 0.8044491, 0.8101379, 0.8049219, 0.80627537, 0.8065011, 0.80925024, 0.80212057, 0.80786514, 0.8054859, 0.80714494, 0.81427824, 0.805398, 0.8016815, 0.80778277, 0.8031686, 0.80416167, 0.80514896, 0.803977, 0.80454504, 0.8140675, 0.79800624, 0.8070065, 0.8038044, 0.8063103, 0.80591583, 0.80443, 0.8063113, 0.80562496, 0.8068598, 0.8050172, 0.8043834, 0.8084192, 0.8081888, 0.8009809]
train_loss = [0.5659305352913706, 0.5223206250291121, 0.5230789172021966, 0.5230852679202431, 0.5225677145154852, 0.5223090174951052, 0.5227319482125734, 0.5226043036109522, 0.5224882204281657, 0.5224004290605846, 0.52208895118613, 0.5225746346147437, 0.5225702301452034, 0.5224996133854515, 0.5226223308789103, 0.5223006985689465, 0.5224139019062645, 0.5227022901961678, 0.5221741036364906, 0.5222579137275093, 0.5224983428653918, 0.5220388697950463, 0.5228304756315131, 0.5224310012240159, 0.5224087351246884, 0.5227763489673012, 0.5225546758425863, 0.5221413254737854, 0.5217629451500742, 0.5225384903581519, 0.522775935185583, 0.5230930400522131, 0.5227615190179724, 0.5226286395599967, 0.5223608321265171, 0.5230494188634973, 0.5227399418228551, 0.5227423896915034, 0.5224025469077261, 0.5224377412545054, 0.5225894902881824, 0.5223229160434322, 0.5222145554266477, 0.5226900652835244, 0.5220877139191878, 0.5228028156255421, 0.5227998962527827, 0.5223395893448277, 0.5225012223971518, 0.5222493290901185]
valid_loss = [0.49595095962285995, 0.49356991350650786, 0.49300531297922134, 0.49516612440347674, 0.488087660074234, 0.5019529789686203, 0.4922527328133583, 0.49866174459457396, 0.49595364183187485, 0.49233883172273635, 0.4891527846455574, 0.502540847659111, 0.48681564778089526, 0.4945735245943069, 0.48949637562036513, 0.49763201773166654, 0.4949138104915619, 0.48774905502796173, 0.4946550250053406, 0.49310193955898285, 0.4926597148180008, 0.4887507170438766, 0.49802815467119216, 0.49105500876903535, 0.4944614455103874, 0.49209210872650144, 0.4822093531489372, 0.49421620965003965, 0.4987681910395622, 0.4913914054632187, 0.4971432849764824, 0.4955437988042831, 0.4940345287322998, 0.49635994881391526, 0.4957437142729759, 0.4836403399705887, 0.5036034777760505, 0.4922415196895599, 0.4966357171535492, 0.4925942525267601, 0.4930005043745041, 0.49573332965373995, 0.49289039373397825, 0.49369570463895796, 0.4923858016729355, 0.4946704223752022, 0.49535748213529585, 0.49086797833442686, 0.491221085190773, 0.5001665696501731]

Loss test 0.5331570595502854
Acc test 0.77504826
