train_acc = [0.7831405, 0.7832351, 0.78341097, 0.7830256, 0.7835504, 0.7826557, 0.7832387, 0.78314525, 0.7835122, 0.8680288, 0.91220576, 0.8556977, 0.91592723, 0.8987563, 0.93437374, 0.940976, 0.95956033, 0.9514417, 0.95711285, 0.96786636, 0.9736407, 0.9794722, 0.96846473, 0.9755959, 0.9707526, 0.979714, 0.9822251, 0.98332053, 0.9846784, 0.9855842, 0.98670125, 0.98560864, 0.97884375, 0.96335393, 0.98380184, 0.9861497, 0.98631024, 0.95849705, 0.9793831, 0.984365, 0.970406, 0.9872263, 0.98767227, 0.96555835, 0.9832927, 0.98761356, 0.9881345, 0.9882459, 0.9885342, 0.9887457]
valid_acc = [0.8061503, 0.8053459, 0.80320966, 0.8083107, 0.8061329, 0.80338496, 0.80292493, 0.8045952, 0.8099806, 0.8843187, 0.8728498, 0.7724742, 0.9026302, 0.76062953, 0.92181015, 0.9315565, 0.9458175, 0.8572768, 0.9468878, 0.9496666, 0.94947374, 0.96307886, 0.95998746, 0.95687646, 0.9605669, 0.96211815, 0.9696234, 0.966088, 0.9696581, 0.9705099, 0.9752172, 0.7970326, 0.9596804, 0.96011335, 0.96628606, 0.961778, 0.9717735, 0.9529724, 0.9106787, 0.80048925, 0.9750269, 0.97843057, 0.97440356, 0.9494464, 0.9736042, 0.94811785, 0.9737779, 0.97608185, 0.9798393, 0.9718134]
train_loss = [0.5363504466257597, 0.39434777184536585, 0.3863615986547972, 0.36342146569176725, 0.3378322830325679, 0.37101366017994125, 0.31843858831807187, 0.3784454772346898, 0.3252022162864083, 0.2621930040811237, 0.2428987918715728, 0.3007684080224288, 0.2379992922669963, 0.2566603569607986, 0.2011068643707978, 0.18895450367739325, 0.15423619033474673, 0.1586742659148417, 0.14802401818727193, 0.12279447575933054, 0.11056960476072211, 0.09631721020529145, 0.11781133664281744, 0.0973872193380406, 0.10510241255948419, 0.084891232887381, 0.07723008284443303, 0.07377128146196667, 0.06895427229373079, 0.06488802440856632, 0.06077252563677336, 0.06179092130378673, 0.07711958724417184, 0.10937179228977154, 0.06374488104330867, 0.057426174730062486, 0.05587967183244856, 0.1194645091499153, 0.07464793446032625, 0.0595925063286957, 0.09935436589937462, 0.051714545174648886, 0.0498720656884344, 0.10157874567728294, 0.061852046651275534, 0.048802655347083744, 0.046477114232747176, 0.045708427813492325, 0.044610116081802466, 0.04359039527020956]
valid_loss = [0.3621284574270248, 0.3602718487381935, 0.35202199816703794, 0.33412488698959353, 0.39408615082502363, 0.2923308782279491, 0.32065339833498, 0.3776754721999168, 0.27743480652570723, 0.2670594803988934, 0.24899162575602532, 0.34661446660757067, 0.23451218530535697, 0.3476214908063412, 0.1859076287597418, 0.17836517170071603, 0.15055624954402447, 0.2641581162810326, 0.1438774775713682, 0.13559652715921403, 0.13459038846194743, 0.11134330667555332, 0.11438618190586566, 0.11760203950107098, 0.11090105939656496, 0.10735278464853763, 0.09160598665475846, 0.0992570761591196, 0.09049522001296281, 0.08878662697970867, 0.07721935473382473, 0.43580853696912525, 0.10848890729248524, 0.1084960650652647, 0.09494232088327408, 0.10426469705998898, 0.08221727013587951, 0.12668226789683104, 0.20518012046813966, 0.43787180706858636, 0.07564850095659495, 0.06717154737561941, 0.07482306305319071, 0.14254563953727484, 0.07800275012850762, 0.1313568392768502, 0.07640680801123381, 0.07106919437646866, 0.06180802397429943, 0.07981272619217634]

Loss test 0.0587453443557024
Acc test 0.9819314
