train_acc = [0.7832253, 0.7831339, 0.78296196, 0.7833611, 0.783299, 0.7825906, 0.78580284, 0.78775054, 0.785381, 0.8619983, 0.86540127, 0.8941206, 0.9122975, 0.92094415, 0.92455846, 0.948577, 0.9485888, 0.9683498, 0.97624767, 0.9787919, 0.9699449, 0.98007834, 0.9562221, 0.9046769, 0.9429279, 0.96525073, 0.9823532, 0.9846591, 0.9323243, 0.9319284, 0.97996145, 0.97846365, 0.9842571, 0.9859776, 0.98719096, 0.98668575, 0.98840076, 0.9886779, 0.98910147, 0.9895933, 0.98956096, 0.9899324, 0.9902199, 0.9902862, 0.8738341, 0.9240204, 0.9537917, 0.9638493, 0.9838696, 0.9856783]
valid_acc = [0.805673, 0.80542815, 0.803037, 0.8061283, 0.80651647, 0.8056532, 0.83053076, 0.6180555, 0.7922323, 0.8748245, 0.913517, 0.8778833, 0.93268526, 0.92669946, 0.95642984, 0.94892323, 0.96177596, 0.9521906, 0.9584385, 0.95703506, 0.9700963, 0.9701699, 0.86558187, 0.94440955, 0.9732191, 0.96814597, 0.9722397, 0.97665197, 0.81194496, 0.9712626, 0.9740076, 0.9539324, 0.9799363, 0.9658944, 0.9805912, 0.9731968, 0.9779593, 0.97605497, 0.98197573, 0.98250073, 0.9713009, 0.98090917, 0.9857596, 0.97755355, 0.8341176, 0.92041284, 0.9558748, 0.9790047, 0.9594649, 0.96871626]
train_loss = [0.45916731043865805, 0.39551627071280226, 0.3958892097598628, 0.3914266802762684, 0.3905520643058576, 0.3846250596799349, 0.387624298741943, 0.37553822539354625, 0.34996996223926546, 0.29235660527881824, 0.2921289018894497, 0.2566818641204583, 0.23243191148105422, 0.2163843210590513, 0.198522471518893, 0.15201570658307326, 0.15142299846598978, 0.10341063792768278, 0.08267297062434648, 0.07344699811778571, 0.0902251472598628, 0.06835186179531248, 0.1190026557367099, 0.229183434734219, 0.15219340896920153, 0.10918848538085034, 0.06130666056353795, 0.053095308652049616, 0.1767745929132951, 0.17889857962727546, 0.06296880213837874, 0.06717921466027435, 0.05107647280551885, 0.0461520226182122, 0.04233345875614568, 0.0430083111908875, 0.03831116394384911, 0.037050208743465575, 0.0354364402984318, 0.03375155368917867, 0.033532546578269255, 0.0320886383323293, 0.030987157143260304, 0.0304125923173208, 0.36793646377168204, 0.1944886722847035, 0.13825100550526068, 0.1009987131937554, 0.050484453455397954, 0.04562879173379195]
valid_loss = [0.37029646933078764, 0.34844378381967545, 0.3498722776770592, 0.35003524720668794, 0.35140635073184967, 0.38382966369390487, 0.34589840918779374, 0.42237161844968796, 0.30925729870796204, 0.25999956429004667, 0.23324483558535575, 0.2533457465469837, 0.189968977868557, 0.18982138335704804, 0.14578433185815812, 0.13684795647859574, 0.10665728840976954, 0.1244108822196722, 0.11126733534038066, 0.1131431257352233, 0.10844332277774811, 0.08623160012066364, 0.380600081384182, 0.16097983866930007, 0.07949546948075295, 0.08784982543438673, 0.08023691307753325, 0.06893749833106995, 0.4655513122677803, 0.08441905714571477, 0.0757951408624649, 0.12791021950542927, 0.06051047379150987, 0.09768584333360195, 0.05788067216053605, 0.0787009097635746, 0.06750904880464077, 0.07143145026639104, 0.05463248202577233, 0.05429423125460744, 0.0847509934566915, 0.05793823087587953, 0.043184241931885484, 0.06762956101447344, 0.3277002602815628, 0.20901567563414575, 0.12562913186848162, 0.0614609245210886, 0.11333748232573271, 0.08999953987076878]

Loss test 0.06923619797453284
Acc test 0.97662485
