train_acc = [0.2405799, 0.26890397, 0.3062093, 0.36718604, 0.42460588, 0.48735416, 0.5514627, 0.6120894, 0.66410947, 0.69747186, 0.7199087, 0.7342278, 0.74529016, 0.7524455, 0.7583031, 0.76342213, 0.76595, 0.76828307, 0.77116317, 0.77298266, 0.7733642, 0.77541924, 0.776163, 0.7769508, 0.7775202, 0.7784299, 0.7786107, 0.77951264, 0.7797928, 0.7795903, 0.7806536, 0.78051025, 0.7806545, 0.78110206, 0.78038657, 0.7816673, 0.7815096, 0.7822624, 0.7820421, 0.78225, 0.78274554, 0.7818363, 0.7821248, 0.78244776, 0.78325933, 0.7825153, 0.782923, 0.7829876, 0.7829964, 0.7832627]
valid_acc = [0.3018641, 0.36683664, 0.46368927, 0.55368704, 0.6039634, 0.6587583, 0.6895944, 0.7520166, 0.78090984, 0.79343194, 0.80543053, 0.80053157, 0.7961718, 0.79866004, 0.80361116, 0.79771066, 0.7986165, 0.8028795, 0.797722, 0.7995764, 0.8010553, 0.8025862, 0.80740136, 0.8016769, 0.80070144, 0.79405826, 0.81429684, 0.8025692, 0.80687636, 0.80381584, 0.80079806, 0.8059185, 0.8041769, 0.7999834, 0.81278896, 0.80626357, 0.8050745, 0.8039309, 0.80351925, 0.8109542, 0.8039098, 0.8045654, 0.8059166, 0.80472136, 0.8051674, 0.8142002, 0.7975711, 0.80937386, 0.8080762, 0.8004402]
train_loss = [0.763112255146629, 0.7308041208668759, 0.7180125481203983, 0.7097220954142118, 0.7038006613129064, 0.6988853893781963, 0.6952388562654194, 0.6922856864176299, 0.6899354395113493, 0.68810379379674, 0.6864612616990742, 0.6850686876397384, 0.6837407030557331, 0.6825334072113037, 0.6813595414161682, 0.68020317993666, 0.6791708494487562, 0.6781544396751805, 0.6770978049228066, 0.6760996504833824, 0.675212035681072, 0.6742011967458224, 0.673295878109179, 0.6723881702674063, 0.6714980721473693, 0.6705892864026521, 0.6697510851056953, 0.6688457363530209, 0.6680048428083721, 0.667215885614094, 0.6663075798436215, 0.6655256120782149, 0.6647241071650857, 0.6638871519189132, 0.6631937077170924, 0.6622677734023646, 0.6615198009892513, 0.660662243240758, 0.6599279849152816, 0.6591477268620541, 0.658328009906568, 0.6577035627867046, 0.656924767870652, 0.6561432982745924, 0.6552930882102564, 0.6546701707338032, 0.6538825047643562, 0.6531490978441741, 0.6524292287073638, 0.6516688773506566]
valid_loss = [0.7142076522111893, 0.7069983780384064, 0.7027779161930084, 0.6966855496168136, 0.694921824336052, 0.689559468626976, 0.6889454215765, 0.6865228116512299, 0.6853416740894318, 0.6838653892278671, 0.6820445597171784, 0.681367689371109, 0.6800239443778991, 0.6790622919797897, 0.6775707900524139, 0.6770755767822265, 0.6760487526655197, 0.6748619496822357, 0.6743778318166733, 0.6732980519533157, 0.6723110258579255, 0.6712843954563141, 0.6700300216674805, 0.6695926904678344, 0.6687964856624603, 0.6685021609067917, 0.6658286988735199, 0.6660245060920715, 0.6647419393062591, 0.6641826599836349, 0.6636069983243942, 0.6622406840324402, 0.6615620285272599, 0.661194458603859, 0.6588877081871033, 0.6587892770767212, 0.6580984592437744, 0.6574125617742539, 0.6566432118415833, 0.6548556417226792, 0.6549680054187774, 0.6540808916091919, 0.6531081885099411, 0.6524796336889267, 0.651602241396904, 0.6495090693235397, 0.6511987090110779, 0.6486344367265702, 0.6480515390634537, 0.6484740674495697]

Loss test 0.652072525024414
Acc test 0.77797234
