train_acc = [0.783295, 0.78328496, 0.7832078, 0.7831763, 0.7835053, 0.78290284, 0.78319573, 0.7830861, 0.78337586, 0.78247833, 0.7833928, 0.78372777, 0.7833871, 0.7829951, 0.78314734, 0.78390574, 0.78302693, 0.78300434, 0.78258646, 0.7833728, 0.78283143, 0.78270954, 0.78342754, 0.78310865, 0.78344685, 0.7837064, 0.85199165, 0.88825107, 0.9084492, 0.93953013, 0.9447853, 0.9549223, 0.96387696, 0.97194743, 0.9795645, 0.9788167, 0.9745476, 0.5500917, 0.7831199, 0.7881065, 0.9776436, 0.98377687, 0.985144, 0.9077888, 0.9748516, 0.9851438, 0.94508576, 0.9669122, 0.98445034, 0.9826893]
valid_acc = [0.806348, 0.80540687, 0.80485094, 0.8044195, 0.81015426, 0.8061279, 0.8032255, 0.80900097, 0.8095729, 0.8054923, 0.80919206, 0.8009342, 0.8101819, 0.81009036, 0.80689317, 0.80099356, 0.8070036, 0.8043829, 0.8049793, 0.80545646, 0.80503166, 0.8053886, 0.80208933, 0.81016636, 0.8058502, 0.71299374, 0.7695192, 0.923787, 0.9235554, 0.93964446, 0.91225433, 0.9387013, 0.9629062, 0.9625441, 0.94600123, 0.9685825, 0.71184206, 0.8057667, 0.80692595, 0.9428061, 0.9618397, 0.96449184, 0.8421978, 0.951336, 0.9513572, 0.9769082, 0.9061796, 0.9768593, 0.97287595, 0.9647999]
train_loss = [0.4802068170748259, 0.3965677515456551, 0.41783269235962317, 0.4087370875634645, 0.403244580563746, 0.4065715410207447, 0.4043918295910484, 0.4042886724597529, 0.40488509002484774, 0.4037931900275381, 0.4027272883214449, 0.4033184807551535, 0.4020415836258938, 0.4014168711085069, 0.39952543001425894, 0.39440823824782123, 0.38375926425582485, 0.3998614960595181, 0.3991884027656756, 0.39126157478282325, 0.3836721010898289, 0.3877527378107372, 0.36682180103502776, 0.37393002070878684, 0.3685647371568178, 0.33915193002474936, 0.29890859942687187, 0.269652039126346, 0.23657196838604777, 0.18165501936485892, 0.17031430045240803, 0.1393676793104724, 0.11672506124565477, 0.0918774848313708, 0.07170918474071904, 0.07076769224122952, 0.08618206197493955, 0.8242557224474455, 0.5449989475701985, 0.2861199206427524, 0.14283464864680642, 0.09187152354340804, 0.07194718785191836, 0.21924566806931245, 0.08904831127116555, 0.06064071412149229, 0.15397538893709056, 0.10368318149918004, 0.057544162065575, 0.0600813747628739]
valid_loss = [0.3554236501455307, 0.367851459980011, 0.38860715478658675, 0.37032555490732194, 0.3680370427668095, 0.37533736079931257, 0.36924823224544523, 0.36584675759077073, 0.3717174053192139, 0.3728829279541969, 0.3635982409119606, 0.38098918199539183, 0.36903417110443115, 0.3676856145262718, 0.3701150193810463, 0.3577866867184639, 0.349843630194664, 0.377815018594265, 0.35263284891843794, 0.35063228383660316, 0.34982009157538413, 0.33787704780697825, 0.3235642984509468, 0.3319853439927101, 0.31340464055538175, 0.3683995306491852, 0.36318724155426024, 0.20860225409269334, 0.2120397187769413, 0.16261606775224208, 0.2088928833603859, 0.14959604553878308, 0.10747691635042429, 0.10469812825322151, 0.13869929313659668, 0.09604798741638661, 0.7104162186384201, 0.508810468018055, 0.4069436252117157, 0.19036227688193322, 0.12532708384096622, 0.10381513703614473, 0.3250287763774395, 0.1238895433023572, 0.12270363364368678, 0.07152168117463589, 0.21475225798785685, 0.0685603566467762, 0.07440313529223204, 0.0917089369148016]

Loss test 0.07417575158178806
Acc test 0.9739393
