train_acc = [0.7833137, 0.7834399, 0.78326416, 0.7834233, 0.7832702, 0.7836553, 0.78314835, 0.7828718, 0.78276867, 0.7829408, 0.7833418, 0.7831661, 0.7832121, 0.78329784, 0.78306264, 0.78305304, 0.78354603, 0.7827925, 0.78302765, 0.7836408, 0.7837319, 0.7828205, 0.7837351, 0.78340477, 0.783184, 0.78329474, 0.82781357, 0.91977555, 0.92157483, 0.93186265, 0.9238834, 0.91080755, 0.93487734, 0.9352015, 0.94122815, 0.9375292, 0.9359959, 0.9433229, 0.94187737, 0.94400054, 0.94229317, 0.947486, 0.94437623, 0.9465608, 0.93563914, 0.95012784, 0.9529199, 0.95112664, 0.9493538, 0.95547044]
valid_acc = [0.80617225, 0.8077137, 0.80542886, 0.8031179, 0.804636, 0.81469584, 0.80453146, 0.8058832, 0.8057949, 0.80211794, 0.81148356, 0.8021307, 0.8090561, 0.8029364, 0.80448323, 0.8101945, 0.80353034, 0.8086956, 0.80688685, 0.8073465, 0.8054164, 0.8050688, 0.80361044, 0.8065027, 0.8100694, 0.80199546, 0.8296423, 0.7524225, 0.8502159, 0.78047264, 0.8059851, 0.8087786, 0.8272766, 0.8207331, 0.86854476, 0.7964514, 0.8479737, 0.8544359, 0.8296811, 0.8640653, 0.8470337, 0.85444987, 0.8648281, 0.8241123, 0.80725527, 0.86600316, 0.86212254, 0.9033883, 0.8798305, 0.9069804]
train_loss = [0.6512690136307164, 0.5822299938452872, 0.5298447267005318, 0.4937331764321578, 0.4682026301559649, 0.43899883188699423, 0.4128261823403208, 0.38701082844483226, 0.362034914681786, 0.360248580418135, 0.3375337384249035, 0.3244895262153525, 0.32031998791192706, 0.3088382739769785, 0.30996097200795225, 0.3069425575043026, 0.30606325660881245, 0.2895280828601436, 0.27090460218881307, 0.28002112821528785, 0.2613636360356682, 0.2920718556956241, 0.2622733320060529, 0.2581481635570526, 0.26146969983452245, 0.2514022789503399, 0.24779361188411714, 0.24545234457442636, 0.24354537537223414, 0.23422920672517072, 0.24267557404543225, 0.2510699910552878, 0.22980415538737647, 0.23093137944999495, 0.2234239399433136, 0.22596486571588015, 0.22782610074469917, 0.21928449539761793, 0.22078168235327067, 0.21733945984589426, 0.2187339346659811, 0.21397365802212764, 0.21723151395195409, 0.2130334275333505, 0.22245656942066394, 0.20929524004459382, 0.20692308200033088, 0.20735380382914292, 0.20990358873417503, 0.20230468244929062]
valid_loss = [0.6603836059570313, 0.6325774192810059, 0.6067628622055053, 0.5813917934894561, 0.5622298300266266, 0.5351829096674919, 0.49808621108531953, 0.48937695622444155, 0.4931357756257057, 0.432268799841404, 0.4462565317749977, 0.426776385307312, 0.4195695906877518, 0.4243012607097626, 0.42840653359889985, 0.38029794543981554, 0.43888670951128006, 0.4047444358468056, 0.4037344306707382, 0.39513261914253234, 0.39225270599126816, 0.3674159854650497, 0.3834821656346321, 0.3692993223667145, 0.35564458668231963, 0.3733192026615143, 0.36065507084131243, 0.38989989906549455, 0.33734086751937864, 0.37563289850950243, 0.36713928580284116, 0.35169364511966705, 0.34700569212436677, 0.3439239077270031, 0.31626084372401236, 0.3650959193706512, 0.3222771666944027, 0.32044913396239283, 0.33800011277198794, 0.31532698720693586, 0.32370238602161405, 0.3191162094473839, 0.30613086819648744, 0.33323825895786285, 0.34186615943908694, 0.3084722638130188, 0.31322035416960714, 0.2676623366773129, 0.29025939404964446, 0.26333369836211207]

Loss test 0.25737840309739113
Acc test 0.9236781
