train_acc = [0.6469222, 0.7820377, 0.78378534, 0.78270054, 0.78325933, 0.7831552, 0.7829969, 0.78387445, 0.78340584, 0.78316087, 0.7832753, 0.78308725, 0.7831351, 0.7831909, 0.7833676, 0.7835869, 0.78296816, 0.78340584, 0.7839423, 0.78325003, 0.78317255, 0.78312945, 0.78358155, 0.7828575, 0.7837175, 0.78349674, 0.7831239, 0.7835776, 0.78268915, 0.7831199, 0.7832913, 0.78333926, 0.7832149, 0.7833762, 0.7833383, 0.7836979, 0.7835064, 0.7838244, 0.7831013, 0.78280526, 0.7834575, 0.78379804, 0.7830247, 0.7832278, 0.78288686, 0.7839885, 0.78290147, 0.78348815, 0.7834322, 0.7830447]
valid_acc = [0.80365026, 0.80679834, 0.8058084, 0.8046511, 0.8061724, 0.79472065, 0.81234074, 0.806959, 0.7992548, 0.81309164, 0.80600584, 0.79298484, 0.8150902, 0.80178356, 0.80735475, 0.8071383, 0.7957245, 0.8096387, 0.81319964, 0.8062499, 0.8061531, 0.8066114, 0.8049084, 0.80841124, 0.7995382, 0.80779326, 0.8072416, 0.80213773, 0.8076145, 0.81057537, 0.8060195, 0.80427617, 0.8117572, 0.8024742, 0.80548346, 0.8100859, 0.8054716, 0.80279905, 0.8042053, 0.8028868, 0.8054164, 0.81176317, 0.7997562, 0.80872613, 0.805577, 0.797742, 0.8143611, 0.8101249, 0.7938389, 0.81059533]
train_loss = [0.6904712940517225, 0.6755401912488436, 0.6643632437053479, 0.6543836104242425, 0.6449967999207346, 0.6364223342192801, 0.6285275873384978, 0.620925425855737, 0.6142477964100085, 0.6080379235117059, 0.6021714718718277, 0.5968533892380564, 0.5918384777872185, 0.5871795811151204, 0.5827914087395919, 0.5786737203598022, 0.5752940334771809, 0.5716064289996499, 0.5680737896969444, 0.5654995585742749, 0.5627813169830724, 0.5602347273575632, 0.5575286551525719, 0.5557878255844116, 0.5531095081254056, 0.5513008949003722, 0.5497606264917474, 0.5477257690931622, 0.5468335386953855, 0.5450328249680368, 0.5435173674633629, 0.5421869494413075, 0.5410867195380361, 0.5398217979230379, 0.538797411479448, 0.5374932461663297, 0.5367294298975092, 0.5355720184351268, 0.5354100798305712, 0.5349284448121724, 0.5336150025066576, 0.5326208224422053, 0.5327257855942374, 0.5319444951258208, 0.5317266244637339, 0.5301292472764065, 0.5307105745139875, 0.5296721703127811, 0.5292982807284907, 0.5292843997478485]
valid_loss = [0.6800582796335221, 0.6675510406494141, 0.6562291830778122, 0.6458977937698365, 0.6358723223209382, 0.6295418679714203, 0.6166982859373092, 0.6103044122457504, 0.6056270897388458, 0.5939641505479812, 0.5903174817562103, 0.5900896728038788, 0.5748885303735733, 0.5760304510593415, 0.5685820877552032, 0.5642510712146759, 0.566495606303215, 0.5548053324222565, 0.5489636480808258, 0.5498099893331527, 0.546735069155693, 0.5434976041316986, 0.5418962448835373, 0.5368826508522033, 0.5408093988895416, 0.5325659036636352, 0.5308339774608613, 0.5327414438128472, 0.5266260430216789, 0.5224657744169235, 0.5244511470198632, 0.5243535220623017, 0.516581118106842, 0.5230737164616585, 0.5192065685987473, 0.5139068633317947, 0.5168131723999977, 0.518139724433422, 0.5158580854535103, 0.516119261085987, 0.5128622695803642, 0.5059668585658074, 0.5165831297636032, 0.5071786433458328, 0.5094993367791176, 0.5165058553218842, 0.4994016021490097, 0.502941532433033, 0.5187568619847298, 0.5012400522828102]

Loss test 0.5336702540516853
Acc test 0.7787183
