train_acc = [0.7809726, 0.7829216, 0.7838789, 0.7833393, 0.7826868, 0.78308606, 0.7831113, 0.78322816, 0.7830433, 0.7829754, 0.7831232, 0.78339016, 0.7840953, 0.7841778, 0.7924424, 0.80899, 0.81650203, 0.82276803, 0.82770723, 0.8352907, 0.84346145, 0.8503985, 0.8578479, 0.86652625, 0.866502, 0.87698525, 0.87890506, 0.88585925, 0.8869011, 0.8907229, 0.890938, 0.89978445, 0.89981663, 0.9001357, 0.90635824, 0.9087334, 0.9135724, 0.907861, 0.914271, 0.920984, 0.91748625, 0.9210154, 0.92258376, 0.92843765, 0.92637813, 0.9254543, 0.9297079, 0.93393826, 0.9316823, 0.9308934]
valid_acc = [0.80564606, 0.8078947, 0.8055876, 0.8006395, 0.80971926, 0.80936307, 0.8034369, 0.80585843, 0.81305563, 0.80309737, 0.8044049, 0.80863535, 0.8081299, 0.8004551, 0.78985494, 0.71247095, 0.704043, 0.71970856, 0.71671057, 0.7246614, 0.7223896, 0.75128067, 0.73410594, 0.7277876, 0.73148644, 0.72745574, 0.74729, 0.81495893, 0.78899723, 0.7101463, 0.74885976, 0.7825692, 0.75230056, 0.76323783, 0.7336706, 0.7600976, 0.7535466, 0.8073138, 0.77348685, 0.7615671, 0.80921775, 0.7922609, 0.7727928, 0.7742172, 0.7749804, 0.7886569, 0.8111347, 0.77660745, 0.81252444, 0.8316463]
train_loss = [0.6847301420412566, 0.6769914018480401, 0.6682973999726145, 0.6586703563991346, 0.6479458200304131, 0.6352596182572214, 0.6201393359585812, 0.6024926480494047, 0.5833532791388663, 0.5630303062890706, 0.5418485045433045, 0.5218103775852605, 0.5024437725543975, 0.4847310354835109, 0.4656709169086657, 0.4429600913273661, 0.4210715761310176, 0.40064732840186673, 0.3857544968002721, 0.37017162253982144, 0.3519813663081119, 0.33867571761733606, 0.32297354199384387, 0.3093325456506328, 0.30485328043762006, 0.28708085449118365, 0.2847729453915044, 0.27087915869135604, 0.2666104964519802, 0.2616655641480496, 0.26230524370544833, 0.2419426933715218, 0.2405927134187598, 0.24432320924181689, 0.22967200138066945, 0.22585813183533518, 0.21460775999646436, 0.22678865131578949, 0.21716827028676083, 0.200686944785871, 0.20925948745325992, 0.20376735439426022, 0.19790197806923013, 0.18787757032795957, 0.19255149411527733, 0.19582623102163013, 0.18662769802306828, 0.18049870964727904, 0.18670728904636283, 0.18391940115313782]
valid_loss = [0.6828790158033371, 0.6770532220602036, 0.6695163547992706, 0.6641820013523102, 0.6561458975076675, 0.6498703956604004, 0.6407675683498383, 0.6337101042270661, 0.6253295063972473, 0.6106175541877746, 0.6016242980957032, 0.5890938669443131, 0.5735047042369843, 0.5580314218997955, 0.5331696629524231, 0.5249560803174973, 0.5169133484363556, 0.49426333159208297, 0.4833102971315384, 0.4728398218750954, 0.4713733956217766, 0.44688015431165695, 0.4583382487297058, 0.45636688470840453, 0.4521440163254738, 0.4529162526130676, 0.43812265843153, 0.39103559851646424, 0.4028115555644035, 0.48070829510688784, 0.4452355206012726, 0.4125090688467026, 0.445424473285675, 0.43002679497003554, 0.4647329479455948, 0.4484272748231888, 0.4522620677947998, 0.3928136721253395, 0.42702468782663344, 0.4455398343503475, 0.3850013956427574, 0.40732787549495697, 0.43007856905460357, 0.43833765387535095, 0.43109043389558793, 0.4158242017030716, 0.3844225086271763, 0.4301799662411213, 0.38791198581457137, 0.35979061871767043]

Loss test 0.31895367950201037
Acc test 0.8711727
