train_acc = [0.675173, 0.7771426, 0.77946687, 0.7810051, 0.78199345, 0.7822073, 0.78242517, 0.7829583, 0.78320795, 0.7830147, 0.78265566, 0.7834375, 0.7830334, 0.78327566, 0.78341556, 0.783299, 0.78342324, 0.7831396, 0.78289795, 0.7833352, 0.78266466, 0.78345704, 0.7835466, 0.7834986, 0.7832593, 0.7824746, 0.78337103, 0.7827053, 0.7830501, 0.78316385, 0.7833431, 0.783069, 0.7834001, 0.78254, 0.7831405, 0.7834532, 0.7835641, 0.7832108, 0.78296345, 0.78312975, 0.78337216, 0.7834408, 0.78311735, 0.7833762, 0.78313637, 0.783419, 0.7834798, 0.7827957, 0.78345925, 0.78353447]
valid_acc = [0.7952632, 0.80282766, 0.799736, 0.80483496, 0.8021639, 0.80533904, 0.80619353, 0.8010988, 0.8039694, 0.81091154, 0.79853976, 0.8082632, 0.8131439, 0.80250967, 0.8039926, 0.80724716, 0.7979562, 0.8121883, 0.8074299, 0.80423135, 0.8057467, 0.80556697, 0.80635816, 0.80470437, 0.8063118, 0.80339414, 0.8072938, 0.8102356, 0.8058891, 0.8035905, 0.8023386, 0.8088085, 0.800012, 0.81099826, 0.8071617, 0.80195886, 0.8062053, 0.8086588, 0.8060425, 0.80818045, 0.80593264, 0.8044771, 0.8051136, 0.80767536, 0.80359423, 0.803614, 0.80540866, 0.8128688, 0.80179673, 0.8105127]
train_loss = [0.7035237400155319, 0.6828864191707812, 0.6757887884190208, 0.6690339063343249, 0.662597560255151, 0.6565397526088513, 0.6507732134116323, 0.6452070512269673, 0.6399172738978737, 0.6349531349382902, 0.6302721475300036, 0.625512054719423, 0.6212740904406497, 0.6170509394846464, 0.6130365980298895, 0.6092843570207295, 0.6056286661248458, 0.6022804404559888, 0.599086182368429, 0.5957724621421412, 0.5930515170097351, 0.5898284999947799, 0.5870319347632559, 0.5844221604497809, 0.5820239951736048, 0.5800320619031003, 0.5772775530815124, 0.5754457279255516, 0.5731649110191747, 0.5710930868198997, 0.5690626276166816, 0.5673851533939964, 0.5654207825660705, 0.5642708006658053, 0.5622836150621113, 0.560532924376036, 0.5589706847542211, 0.5577784902171085, 0.5565879859422382, 0.5551718084435714, 0.5537493696338252, 0.5524964257290489, 0.5515798640878578, 0.5503034497562208, 0.5494048975015942, 0.5481751856050994, 0.547149135564503, 0.5467447236964577, 0.5453309068554326, 0.5444027361116911]
valid_loss = [0.6859874993562698, 0.6779691874980927, 0.670866709947586, 0.6634353250265121, 0.6570610076189041, 0.6502009272575379, 0.6438735246658325, 0.6390161573886871, 0.6328796476125718, 0.6258918434381485, 0.623867928981781, 0.6163599014282226, 0.6101350158452987, 0.6089038401842117, 0.604160052537918, 0.5989480227231979, 0.5984469205141068, 0.5891831815242767, 0.587447902560234, 0.5853524684906006, 0.581380495429039, 0.578300279378891, 0.5748649269342423, 0.5727676600217819, 0.5691379487514496, 0.5680180281400681, 0.5633714526891709, 0.5592569023370743, 0.559293583035469, 0.5583591729402542, 0.556962302327156, 0.55097796022892, 0.5543768346309662, 0.545555517077446, 0.546144986152649, 0.5477322667837143, 0.5432244390249252, 0.5399045661091805, 0.5401006609201431, 0.5370628386735916, 0.5371820747852325, 0.5368135541677475, 0.5350080728530884, 0.5317869126796723, 0.5335994645953178, 0.5323908194899559, 0.5298537477850914, 0.5228888750076294, 0.5305116087198257, 0.5225172623991966]

Loss test 0.5499769628047944
Acc test 0.7762426
