train_acc = [0.78341115, 0.78349227, 0.7837603, 0.7836063, 0.7835643, 0.7836179, 0.7830506, 0.78307617, 0.78304565, 0.7903187, 0.89891934, 0.8960137, 0.9330595, 0.9347663, 0.9593337, 0.95941144, 0.9678846, 0.97363305, 0.9720651, 0.9793269, 0.9836226, 0.93320876, 0.960418, 0.97491115, 0.97071856, 0.9826197, 0.9855185, 0.9863328, 0.98723763, 0.98777074, 0.9881164, 0.98809814, 0.9826715, 0.9882588, 0.98899233, 0.98929256, 0.98969424, 0.9900245, 0.99038786, 0.99023783, 0.99037546, 0.990656, 0.9906767, 0.9904128, 0.9908519, 0.9891538, 0.9904974, 0.99089396, 0.99107, 0.9909823]
valid_acc = [0.8061503, 0.80563986, 0.8057086, 0.80546415, 0.80309105, 0.80861294, 0.8043787, 0.8030378, 0.79972273, 0.8532608, 0.9137993, 0.9231701, 0.8178131, 0.8661686, 0.9501921, 0.9529339, 0.9484762, 0.948226, 0.96641123, 0.96554357, 0.9754445, 0.92468673, 0.9532053, 0.95281506, 0.9767782, 0.96766996, 0.97743225, 0.97685707, 0.97479564, 0.97898215, 0.9792563, 0.9776899, 0.9755818, 0.98141307, 0.9844124, 0.98169327, 0.98110217, 0.97757435, 0.98422927, 0.98397046, 0.98231804, 0.98287046, 0.9836894, 0.9860207, 0.9849594, 0.97830695, 0.9860484, 0.9840932, 0.9854313, 0.9866289]
train_loss = [0.5530386093415712, 0.4190306111385948, 0.4012616734755667, 0.398491758108139, 0.39564684629440305, 0.39887227039588125, 0.3903097867965698, 0.3740779995918274, 0.32527877719778764, 0.3275355677855642, 0.2632154886659823, 0.25732870352895637, 0.20571831041260769, 0.19106891343468113, 0.14629813511120646, 0.13672161047395906, 0.11761708886999833, 0.09975487797668106, 0.09906154616098654, 0.0816278029821421, 0.06881902998215274, 0.1825940868180049, 0.11996816275151152, 0.08839309674344564, 0.0941654235124588, 0.06528017975782094, 0.05672619899636821, 0.05308225084292261, 0.04984728858659142, 0.047368301960982774, 0.04548924571197284, 0.044586065882130675, 0.05776533406031759, 0.043215220950936016, 0.04029669324426274, 0.03926292277480427, 0.03736876953197153, 0.03610206122853254, 0.03487231976499683, 0.03453828112075203, 0.03369367506943251, 0.032782748263133196, 0.032278322859814294, 0.03263876459708339, 0.03124416721494574, 0.03528505175521499, 0.031697773011891466, 0.03031911028451041, 0.029540112634238443, 0.029540829105596793]
valid_loss = [0.43008954375982283, 0.3711305528879166, 0.3672175109386444, 0.36950482428073883, 0.36482369154691696, 0.33706033825874326, 0.3774437099695206, 0.3709041208028793, 0.3776939451694489, 0.28691117018461226, 0.22967197224497796, 0.20563955530524253, 0.3073581404983997, 0.2567885234951973, 0.13858564533293247, 0.13732772134244442, 0.13439051769673824, 0.13421633504331112, 0.09954212009906768, 0.10112029127776623, 0.07688153609633445, 0.18851098343729972, 0.13198954090476037, 0.1223687045276165, 0.07383451163768769, 0.0916675066575408, 0.06920816581696272, 0.0701014220714569, 0.07300547286868095, 0.0635806718841195, 0.06377512766048313, 0.06444279234856368, 0.07102143634110689, 0.057166661415249106, 0.04880191721022129, 0.05539027061313391, 0.05746695939451456, 0.06575871305540204, 0.049067454412579536, 0.049373365752398965, 0.05309037733823061, 0.052028393279761075, 0.04915530690923333, 0.04263722631148994, 0.0462316638790071, 0.06361082671210169, 0.04301266148686409, 0.04878397500142455, 0.044549335911870006, 0.041096596885472535]

Loss test 0.04374144421890378
Acc test 0.98606265
