train_acc = [0.6716777, 0.7682845, 0.7779728, 0.7807337, 0.7817659, 0.7820363, 0.78249216, 0.78240937, 0.7824293, 0.7824166, 0.7830121, 0.7826836, 0.7829158, 0.7831562, 0.7830623, 0.7829556, 0.7830609, 0.7833425, 0.78308886, 0.7830607, 0.7829006, 0.7835109, 0.7832686, 0.78296006, 0.78309256, 0.78314906, 0.78338116, 0.78329706, 0.78334606, 0.78333575, 0.7830572, 0.7835654, 0.7833394, 0.78308266, 0.7830368, 0.7830612, 0.7825193, 0.7830602, 0.78345174, 0.7830892, 0.7836356, 0.7829317, 0.7834047, 0.783094, 0.78320515, 0.783871, 0.78299767, 0.78310794, 0.7833171, 0.7834337]
valid_acc = [0.8006083, 0.8047916, 0.8088652, 0.801863, 0.8056585, 0.8030577, 0.81182384, 0.80722487, 0.7973126, 0.80877894, 0.80359495, 0.802878, 0.8090128, 0.80002964, 0.8057526, 0.8026822, 0.8079109, 0.8111633, 0.8020298, 0.8052579, 0.80344236, 0.8090757, 0.8025789, 0.8100624, 0.8017539, 0.8060738, 0.80196345, 0.81163454, 0.8052252, 0.8012773, 0.80570763, 0.81305695, 0.80597705, 0.8007282, 0.8061372, 0.8121681, 0.80613804, 0.80139905, 0.8062128, 0.8072535, 0.80617154, 0.80751324, 0.8047659, 0.8058733, 0.8078128, 0.80716723, 0.80055964, 0.80478895, 0.8041767, 0.80634147]
train_loss = [0.6950116759852359, 0.6881580509637532, 0.6842996264758863, 0.6806462940416838, 0.6771201321953222, 0.673707620093697, 0.6703577712962502, 0.6671317232282539, 0.6639761127923665, 0.6609039551333378, 0.6578217795020656, 0.6549319304917988, 0.6520318238358749, 0.6491905457095096, 0.6464677540879501, 0.6438122736780267, 0.6411808164496171, 0.638566495870289, 0.6361242890357971, 0.6336945138479534, 0.6313535232292978, 0.6288748145103454, 0.6266586385275188, 0.6245230511615151, 0.6223178405510752, 0.6201829358151084, 0.6180401124452289, 0.6160390038239328, 0.6140450352116635, 0.6121122397874531, 0.6103187410455001, 0.6082945001752753, 0.6065680397184272, 0.6049007691835102, 0.6031984981737639, 0.6015084825064007, 0.6000848845431679, 0.5982659220695495, 0.5965323297600997, 0.595147230750636, 0.5934095765414991, 0.5922478769954882, 0.5906021670291298, 0.5893397230851023, 0.5879176773523029, 0.5862592377160725, 0.5853613621310184, 0.5840279579162597, 0.5826710945681521, 0.5813844680786133]
valid_loss = [0.6893701463937759, 0.6852906793355942, 0.6812018394470215, 0.677716600894928, 0.6737912267446518, 0.6703566312789917, 0.666046416759491, 0.6629657924175263, 0.6606972098350525, 0.6560331821441651, 0.6534646630287171, 0.6504349142313004, 0.6463741064071655, 0.6448665529489517, 0.6409072577953339, 0.638619801402092, 0.6347308874130249, 0.6312221020460129, 0.6305481851100921, 0.627173689007759, 0.6250550836324692, 0.621074178814888, 0.6203202366828918, 0.6158182382583618, 0.6158299297094345, 0.6122613072395324, 0.6112580597400665, 0.6059766411781311, 0.6058596193790435, 0.6050940155982971, 0.6015155524015426, 0.5968325406312942, 0.597384974360466, 0.5974103450775147, 0.5934795618057251, 0.5892345249652863, 0.5897961318492889, 0.5899693995714188, 0.5862220287322998, 0.58407421708107, 0.5828574419021606, 0.5806209117174148, 0.5802561968564988, 0.5781808763742446, 0.5757321178913116, 0.5745106011629104, 0.5762527287006378, 0.5727521449327468, 0.5716641038656235, 0.5691857010126113]

Loss test 0.5832691788673401
Acc test 0.77869195
