train_acc = [0.7831713, 0.7829139, 0.78329635, 0.783605, 0.7833212, 0.78328896, 0.7830468, 0.78312504, 0.78306, 0.81877476, 0.89495957, 0.9143616, 0.9216332, 0.9152455, 0.93024725, 0.92315143, 0.9390511, 0.96241176, 0.93487877, 0.95352376, 0.9554982, 0.9719784, 0.9658285, 0.9525112, 0.95608896, 0.9746038, 0.9330417, 0.974331, 0.9682901, 0.96823347, 0.97438866, 0.9823492, 0.9832392, 0.981019, 0.9847262, 0.98487014, 0.9857338, 0.9859492, 0.98615074, 0.98638654, 0.98692834, 0.9824334, 0.986332, 0.9785796, 0.9747922, 0.98619217, 0.98698974, 0.98749083, 0.98768425, 0.95117813]
valid_acc = [0.80607015, 0.80713576, 0.804015, 0.8038608, 0.80603105, 0.80636424, 0.8054613, 0.8031109, 0.8010391, 0.887722, 0.87881696, 0.75922495, 0.9377295, 0.9180662, 0.83344585, 0.93529683, 0.94020474, 0.8729638, 0.93899745, 0.91430676, 0.8271636, 0.95441324, 0.96598023, 0.8099499, 0.90739214, 0.9455495, 0.95808375, 0.92749083, 0.9582308, 0.944294, 0.9688236, 0.9589287, 0.9573823, 0.9586191, 0.96757793, 0.9732958, 0.96940553, 0.97329634, 0.97282445, 0.9751509, 0.97802174, 0.96968716, 0.9721575, 0.9691826, 0.9633708, 0.9725472, 0.9725567, 0.9743875, 0.9785059, 0.9617113]
train_loss = [0.512186334635082, 0.38728042197854895, 0.3758905683693133, 0.3753186161580839, 0.3460606314634022, 0.34111168290439403, 0.36049118355700843, 0.36100328768554485, 0.3317383317570937, 0.2887110656813571, 0.2626491173317558, 0.24271169069566226, 0.22895404084732657, 0.2329102072276567, 0.22788849488685006, 0.21778564531552164, 0.20055215374419563, 0.16385468911183507, 0.19148886384148348, 0.1691494864852805, 0.1599663614442474, 0.13229518979787827, 0.13725280393111078, 0.16262911299341604, 0.14729926907702495, 0.11628124400189048, 0.18764762266686089, 0.11339778876618335, 0.12055803937347312, 0.11996934398224479, 0.10602055505702371, 0.09002232441776677, 0.08605131781414936, 0.08849868915582958, 0.07967425757332852, 0.0780897669494152, 0.07491680469952132, 0.07293441483848974, 0.07118972594800749, 0.06939085157294023, 0.06739257240765974, 0.0746036520129756, 0.06612655724349775, 0.07992149089512073, 0.08894483913716517, 0.0643745939590429, 0.06155415494975291, 0.05927803151701626, 0.05856395222638783, 0.12957391652621722]
valid_loss = [0.38574691116809845, 0.3826568961143494, 0.36622994393110275, 0.4127905607223511, 0.3863147675991058, 0.3835676237940788, 0.3017079263925552, 0.3599001720547676, 0.3197005376219749, 0.279106717556715, 0.27920065745711325, 0.3490974597632885, 0.19809248447418212, 0.2112406983971596, 0.2925140306353569, 0.18627424463629721, 0.1868506118655205, 0.24662430137395858, 0.17341076880693435, 0.20196677967906, 0.29197680950164795, 0.14180622287094594, 0.12432690188288689, 0.3204543624073267, 0.1984151303768158, 0.1462080504745245, 0.13030548095703126, 0.17165529802441598, 0.1250182744115591, 0.14403074346482753, 0.11116889137774706, 0.1185108806937933, 0.12040328308939933, 0.11776282750070095, 0.09944737143814564, 0.09224655088037252, 0.09578845668584109, 0.08775518015027046, 0.08892751131206751, 0.08319721762090922, 0.07709892950952053, 0.09113894086331129, 0.08729088380932808, 0.09350503608584404, 0.10590545423328876, 0.0841087393462658, 0.0836924934759736, 0.07968445792794228, 0.07115453910082578, 0.10591261927038431]

Loss test 0.08616099655628204
Acc test 0.97364825
