train_acc = [0.7694386, 0.78237313, 0.7830586, 0.7829902, 0.7831483, 0.7836242, 0.78323686, 0.78335184, 0.78297013, 0.7838251, 0.7831763, 0.8078224, 0.8551243, 0.8765488, 0.888479, 0.90636146, 0.92647463, 0.9249008, 0.91999286, 0.91942835, 0.92984325, 0.94119406, 0.9488782, 0.9467131, 0.9391574, 0.9512013, 0.9592276, 0.95721835, 0.95525724, 0.95170665, 0.9547297, 0.96018964, 0.970888, 0.97414833, 0.9693685, 0.96808165, 0.9693918, 0.9758039, 0.9754821, 0.9779367, 0.97910094, 0.9648155, 0.97466767, 0.9522698, 0.96642345, 0.9698782, 0.9691557, 0.9782765, 0.98089117, 0.98065]
valid_acc = [0.8003055, 0.80143356, 0.8050741, 0.8087454, 0.80735874, 0.8030796, 0.80384713, 0.80765045, 0.8083809, 0.85746133, 0.8046403, 0.7960636, 0.7197236, 0.724301, 0.80699193, 0.78904486, 0.7535832, 0.9012865, 0.8642513, 0.80759, 0.8228861, 0.90542924, 0.8843786, 0.8792597, 0.91543543, 0.9200099, 0.90641177, 0.94470614, 0.9192251, 0.94993955, 0.933066, 0.943343, 0.931767, 0.9718653, 0.9585121, 0.94135857, 0.9583025, 0.9616187, 0.9695423, 0.95903206, 0.9735364, 0.95053995, 0.96812, 0.96833515, 0.9397858, 0.9636976, 0.95780814, 0.9751061, 0.9741562, 0.97411126]
train_loss = [0.6856730153686121, 0.6672449808371694, 0.6519638456796345, 0.6382361255194011, 0.5965782259639941, 0.47476140762630265, 0.41609708353092795, 0.3910833525030237, 0.37499694886960483, 0.3679204147112997, 0.37189076856562964, 0.3394061720684955, 0.2953328623583442, 0.2742826218667783, 0.25329433554097225, 0.2272075370738381, 0.19610656005771537, 0.19639713426953867, 0.20435730022819418, 0.20425346811351022, 0.1836455934926083, 0.15656873897502296, 0.1395640050110064, 0.1397470537769167, 0.1694151886591786, 0.13287412532066045, 0.11234490938092533, 0.11745355297860346, 0.11740512585169391, 0.13459150940179826, 0.11998039778125913, 0.10456813503252832, 0.07988886641044365, 0.07117518449300214, 0.0821890507873736, 0.08721019762911295, 0.08072456239085449, 0.06583504641526623, 0.06604610144307739, 0.060138304806069326, 0.05706773921847343, 0.09779244292723505, 0.06795861619083506, 0.11800800832478624, 0.0978030846699288, 0.08073078939004948, 0.08222725646276223, 0.05879709604931505, 0.05206968886287589, 0.052334805577993394]
valid_loss = [0.6742305874824523, 0.6569241136312485, 0.6404761642217636, 0.6241250455379486, 0.5604018568992615, 0.5036289513111114, 0.4368587598204613, 0.3994166746735573, 0.39458034485578536, 0.36188154518604276, 0.39295967370271684, 0.3571207940578461, 0.41804326325654984, 0.41938346773386004, 0.3472211167216301, 0.39631377160549164, 0.4903594985604286, 0.23598011955618858, 0.3031572625041008, 0.378671395778656, 0.3583726353943348, 0.22909850403666496, 0.26509337686002254, 0.264274276047945, 0.2175981342792511, 0.188813354447484, 0.21867088377475738, 0.13855499103665353, 0.19084889329969884, 0.13050483874976634, 0.16001234464347364, 0.14156476631760598, 0.17057977244257927, 0.08046196550130844, 0.10847566388547421, 0.1455974981188774, 0.10893278010189533, 0.1030339116230607, 0.08470633327960968, 0.11132314000278712, 0.07513312175869942, 0.12351367063820362, 0.08891184031963348, 0.0851154936477542, 0.1599248878657818, 0.09637394398450852, 0.11063756197690963, 0.070295500010252, 0.07346325442194938, 0.07446371242403985]

Loss test 0.0591809649951756
Acc test 0.9808458
