train_acc = [0.7721914, 0.78329194, 0.7830144, 0.78348196, 0.7835124, 0.78322875, 0.7827593, 0.7831077, 0.7836942, 0.7833598, 0.78355616, 0.783189, 0.78338224, 0.9049147, 0.9359186, 0.9378049, 0.93711394, 0.92720145, 0.8751748, 0.92087674, 0.94944894, 0.94025373, 0.96177465, 0.9431765, 0.96092385, 0.9599163, 0.9641901, 0.9560534, 0.96452653, 0.9682708, 0.9440522, 0.95730597, 0.96894604, 0.96818423, 0.97236556, 0.9744386, 0.9652913, 0.96983886, 0.9733453, 0.9755771, 0.97283804, 0.97716737, 0.97739387, 0.9751786, 0.96480453, 0.9784334, 0.9790393, 0.975128, 0.97278935, 0.97845614]
valid_acc = [0.8053721, 0.80341876, 0.8072752, 0.7997063, 0.8071356, 0.811, 0.80397224, 0.80590695, 0.8087822, 0.8027271, 0.80361956, 0.81266177, 0.79853904, 0.8397276, 0.921126, 0.92713946, 0.89975417, 0.8381175, 0.9158783, 0.92892677, 0.9479059, 0.93412626, 0.9511717, 0.94137, 0.92778283, 0.9568819, 0.9286331, 0.9131478, 0.95324534, 0.95324105, 0.9408144, 0.8877959, 0.9620558, 0.9663607, 0.95773715, 0.9656595, 0.96806985, 0.93750477, 0.9499731, 0.97493297, 0.9736713, 0.9739197, 0.96534574, 0.78217626, 0.9694103, 0.97483397, 0.9734767, 0.9761368, 0.9794401, 0.96724594]
train_loss = [0.6640527304850127, 0.5714116890179484, 0.43054416869816026, 0.3741874676001699, 0.346828703190151, 0.345757993114622, 0.3458711327690827, 0.31238090490040027, 0.28165224257268406, 0.2761151451813547, 0.25824049868081744, 0.26491320039096633, 0.24460071889977705, 0.23466787683336357, 0.2283792208684118, 0.22581365155546287, 0.22420559964681927, 0.23429937001905943, 0.2835453351861552, 0.2340461418816918, 0.20610072722560482, 0.21463135967129154, 0.19046939070287502, 0.20621397981518194, 0.18608104915995347, 0.18678311266397174, 0.18046554703461495, 0.1872507649816965, 0.17738123622379806, 0.17061210564876858, 0.19400822661424938, 0.180381126309696, 0.16606913303074083, 0.16386312575716722, 0.15800716531904122, 0.1539130280676641, 0.16535259806796124, 0.15682152086182644, 0.15064717005742223, 0.14662967441897642, 0.14860412494132394, 0.14226862482334438, 0.14016365793190505, 0.14205969281886754, 0.15398951306154854, 0.135824931060013, 0.13252067330636477, 0.13763514663043774, 0.13924691175159656, 0.13144935683200235]
valid_loss = [0.6468668431043625, 0.5599867314100265, 0.4196729317307472, 0.4236790955066681, 0.34200465530157087, 0.39425805658102037, 0.37727305442094805, 0.33682549744844437, 0.36204638332128525, 0.3235327869653702, 0.32897340655326845, 0.3540777452290058, 0.27740971744060516, 0.3173344261944294, 0.26217383667826655, 0.24361592531204224, 0.278237421810627, 0.3098540216684341, 0.23791096061468125, 0.23817631006240844, 0.20886854752898215, 0.2191010147333145, 0.20157640054821968, 0.207813361287117, 0.22558653727173805, 0.18612399734556676, 0.2228899985551834, 0.231305792927742, 0.18539088666439058, 0.18264837563037872, 0.19975681006908416, 0.2586210697889328, 0.17102811187505723, 0.16373004019260406, 0.1719772696495056, 0.1565381683409214, 0.15156077593564987, 0.19143482893705369, 0.17660345733165742, 0.13666203953325748, 0.1381201583892107, 0.13810025677084922, 0.14922654591500759, 0.3355808027088642, 0.14518159441649914, 0.12818606346845626, 0.13052765354514123, 0.1278776243329048, 0.12355590797960758, 0.1360077705234289]

Loss test 0.13453472033143044
Acc test 0.977277
