train_acc = [0.36046672, 0.6400339, 0.7166884, 0.7427772, 0.7552427, 0.76191694, 0.76649755, 0.7697592, 0.77203804, 0.773434, 0.7751607, 0.77586764, 0.7763582, 0.7773089, 0.77822006, 0.77901393, 0.77877605, 0.7793396, 0.77960384, 0.78022856, 0.7808104, 0.78097445, 0.7807924, 0.7809349, 0.7811171, 0.7814976, 0.7816763, 0.7818337, 0.7819561, 0.78183013, 0.78252304, 0.78197855, 0.7818446, 0.78273064, 0.7820178, 0.78244114, 0.78196955, 0.7821807, 0.78215486, 0.7825387, 0.783113, 0.7830174, 0.78279954, 0.78237873, 0.7825042, 0.78271157, 0.7830979, 0.78341174, 0.7834307, 0.782867]
valid_acc = [0.58493376, 0.7179662, 0.7509932, 0.7686528, 0.7739678, 0.79487675, 0.78020394, 0.7833848, 0.7952005, 0.7904844, 0.7981536, 0.7988263, 0.79368603, 0.7979003, 0.80250627, 0.796982, 0.79626226, 0.8035263, 0.797387, 0.8018327, 0.8011573, 0.8014332, 0.8054441, 0.8035749, 0.80165255, 0.7985455, 0.80504894, 0.8068536, 0.80358446, 0.7993953, 0.8045069, 0.808585, 0.8064121, 0.7978924, 0.8065692, 0.803799, 0.80759907, 0.801078, 0.8091321, 0.8040026, 0.8062517, 0.80769426, 0.8048506, 0.7976398, 0.8020636, 0.8072441, 0.8093756, 0.8068903, 0.8058492, 0.80281276]
train_loss = [0.720293664932251, 0.6967597628894605, 0.6934694214871056, 0.6919052833005002, 0.6907641975503219, 0.6898077048753437, 0.6889207814869128, 0.688075221839704, 0.6872604050134358, 0.6864790144719576, 0.6856877628125643, 0.6849350879066869, 0.6841936971011915, 0.6834415862434788, 0.6826912415655035, 0.6819484215033682, 0.6812497785216883, 0.6805246961744208, 0.6798125361141406, 0.6790859216137937, 0.6783607733877082, 0.6776630709045812, 0.6769874579028079, 0.6762987199582552, 0.6756074798734565, 0.6749070136170638, 0.6742217289774042, 0.6735394910762185, 0.6728645707431592, 0.6722095815758956, 0.6714937912790399, 0.6708793056638618, 0.6702377846366481, 0.6695119198999907, 0.6689241679091202, 0.6682406343911823, 0.6676439649180362, 0.6669850976843583, 0.6663537508562991, 0.6656827556459527, 0.6649916291236877, 0.6643719974317048, 0.6637699848727177, 0.6631957995264154, 0.6625641000898261, 0.6619269057324059, 0.6612656354904175, 0.6606164329930355, 0.6600044601841977, 0.6594696634694149]
valid_loss = [0.6968976318836212, 0.6939346671104432, 0.6923945873975754, 0.6911985993385314, 0.6901652723550796, 0.6889277577400208, 0.6884083688259125, 0.687452444434166, 0.6863984137773513, 0.6857542991638184, 0.6847326576709747, 0.6838981479406356, 0.6833072662353515, 0.6824049234390259, 0.6814146310091018, 0.6808961987495422, 0.6801523864269257, 0.6790899097919464, 0.6786224901676178, 0.6776502788066864, 0.6769473195075989, 0.6761922627687454, 0.6752139538526535, 0.6745774745941162, 0.6739885628223419, 0.6734735757112503, 0.6722937256097794, 0.6714570432901382, 0.6709570825099945, 0.6705728262662888, 0.6694476157426834, 0.6684042274951935, 0.667867648601532, 0.6679088741540908, 0.6664461255073547, 0.6659930586814881, 0.6649416267871857, 0.6648775458335876, 0.6633928775787353, 0.6632260680198669, 0.6623052775859832, 0.6614599049091339, 0.6610941976308823, 0.6612375020980835, 0.6600624352693558, 0.6588000237941742, 0.6578707307577133, 0.6575002104043961, 0.656968629360199, 0.6566955506801605]

Loss test 0.6600889205932617
Acc test 0.7761383
