train_acc = [0.69997954, 0.73340744, 0.7492666, 0.7585752, 0.7645636, 0.7682833, 0.7714009, 0.7731205, 0.7749389, 0.7755067, 0.7772739, 0.7775855, 0.7779513, 0.7785333, 0.779369, 0.77918726, 0.779124, 0.7802924, 0.7797615, 0.7802394, 0.7804502, 0.78067416, 0.7806103, 0.7810475, 0.7814973, 0.7811664, 0.780802, 0.7814052, 0.78127825, 0.7811777, 0.7811936, 0.7817998, 0.7822655, 0.7819032, 0.781967, 0.7821897, 0.78197014, 0.7826739, 0.7818939, 0.7825264, 0.78242415, 0.78099525, 0.7820055, 0.7821095, 0.78234786, 0.78194875, 0.78254837, 0.7821895, 0.78144443, 0.78235483]
valid_acc = [0.7693471, 0.77935594, 0.78336227, 0.7971463, 0.79516566, 0.80101854, 0.7928723, 0.79715925, 0.80434245, 0.7960495, 0.80224, 0.7988065, 0.8094298, 0.7977873, 0.8063329, 0.7950071, 0.8071477, 0.80582154, 0.79703724, 0.80694354, 0.8029276, 0.8053552, 0.804945, 0.8027644, 0.80481225, 0.80283654, 0.8021857, 0.8096409, 0.8044375, 0.8046042, 0.8047668, 0.80240345, 0.8066435, 0.80195254, 0.80549204, 0.8057084, 0.8034462, 0.8049175, 0.80376875, 0.80476725, 0.8053832, 0.8047779, 0.807868, 0.80433524, 0.8093721, 0.7994839, 0.81080055, 0.8035614, 0.8112623, 0.8035582]
train_loss = [0.6944054716511776, 0.6932523877997148, 0.6922859336200513, 0.6913890995477375, 0.6905385833037527, 0.6897213879384493, 0.6889151246924149, 0.6881333445247851, 0.6873534177478992, 0.6866084368605363, 0.6858262187556217, 0.6850896684746993, 0.6843552457658868, 0.6836145739806326, 0.682866866965043, 0.6821613707040486, 0.6814552200467963, 0.6806981124375996, 0.6800203775104724, 0.6792986179652967, 0.6785919534532647, 0.677889399152053, 0.6772077428667169, 0.6764956606061835, 0.6757862116161145, 0.6751276951087148, 0.6744803102392899, 0.673769119538759, 0.6731098570321735, 0.6724543991841768, 0.6717939891313252, 0.6710857610953481, 0.6703907684275978, 0.6697663213077344, 0.6691095603139777, 0.6684420573083978, 0.667815963845504, 0.6671074101799412, 0.6665464332229213, 0.6658433970652129, 0.6652233061037566, 0.6647435376518651, 0.664011736292588, 0.6633775748704609, 0.6627307992232473, 0.662158527499751, 0.6614736927183051, 0.6609030635733354, 0.6603876778953954, 0.6596703993646722]
valid_loss = [0.6930549263954162, 0.6921504348516464, 0.6912492454051972, 0.6902867466211319, 0.6894777208566666, 0.688587737083435, 0.6879221796989441, 0.6870723485946655, 0.6860890805721283, 0.6855270862579346, 0.6845694094896316, 0.68389413356781, 0.6827283442020416, 0.6824013590812683, 0.6812979191541672, 0.6810147285461425, 0.6797263979911804, 0.6790175020694733, 0.6787109225988388, 0.6774472922086716, 0.6769085139036178, 0.6760248661041259, 0.6753147602081299, 0.6746959000825882, 0.6738242387771607, 0.6732428014278412, 0.6725541263818741, 0.6712996572256088, 0.6709480613470078, 0.670222133398056, 0.6694763094186783, 0.6689747929573059, 0.6678968071937561, 0.6675921708345414, 0.6665805041790008, 0.6658555120229721, 0.6653738558292389, 0.6645267903804779, 0.6639733999967575, 0.6631667941808701, 0.6624198228120803, 0.6618024259805679, 0.6607877403497696, 0.660495200753212, 0.6592417567968368, 0.6597356706857681, 0.6577191323041915, 0.6579302996397018, 0.6563186585903168, 0.6566106021404267]

Loss test 0.6597395747900009
Acc test 0.77916616
