train_acc = [0.7752006, 0.7828911, 0.7827269, 0.7864961, 0.7831262, 0.7831079, 0.7921194, 0.80480766, 0.8040263, 0.8107441, 0.80473304, 0.78391457, 0.7829807, 0.78343403, 0.7838304, 0.7836464, 0.8147756, 0.78836334, 0.84150857, 0.78317636, 0.78323877, 0.78294486, 0.7833273, 0.7835344, 0.78306067, 0.7825649, 0.7829647, 0.78341347, 0.7834018, 0.7832304, 0.78320456, 0.7833716, 0.783251, 0.78356034, 0.7829511, 0.78369236, 0.783072, 0.7832672, 0.78289473, 0.7833643, 0.78330576, 0.78318965, 0.7835379, 0.7830974, 0.7833, 0.78313774, 0.78276896, 0.7836148, 0.78341275, 0.7836494]
valid_acc = [0.8063897, 0.8040655, 0.8077122, 0.80502474, 0.8031103, 0.8092, 0.8007593, 0.8130449, 0.8322132, 0.8225002, 0.8101484, 0.80808973, 0.8045266, 0.80739117, 0.79939586, 0.8107958, 0.8077637, 0.8382467, 0.80549324, 0.805231, 0.8065011, 0.8048733, 0.8057598, 0.80423176, 0.81049335, 0.80342996, 0.8090946, 0.8077763, 0.80490816, 0.8058063, 0.81104004, 0.7990339, 0.8119289, 0.8002127, 0.81206626, 0.8103329, 0.80384195, 0.80444956, 0.80490047, 0.8064066, 0.8045987, 0.8065151, 0.80637133, 0.80144966, 0.806435, 0.8035568, 0.803967, 0.80808413, 0.8073093, 0.8087341]
train_loss = [0.6444615219768725, 0.582390682948263, 0.552961130832371, 0.5282650241726323, 0.5299081676884702, 0.5266867810174038, 0.5055778964569694, 0.46651390665455866, 0.45206513247991864, 0.44296250468806214, 0.46162152164860776, 0.5273931744851564, 0.5264983644610957, 0.5243713237737354, 0.522918469968595, 0.5226131696450083, 0.4624420740102467, 0.5059043172158693, 0.41079121294774507, 0.5267947115396199, 0.5250476881077415, 0.5244500235507362, 0.5232864003432425, 0.5226391240170127, 0.5230640690577658, 0.5235865407868435, 0.5229698507409347, 0.5223336288803502, 0.5223273562757592, 0.5225365654418342, 0.5225597748630926, 0.5223378874753651, 0.5224938765952462, 0.5220880084916165, 0.5228760189131687, 0.5219198524951935, 0.5227453900010962, 0.522464805841446, 0.5229447907523105, 0.5223402917385102, 0.5224172121600101, 0.5225662457315545, 0.5221191745055349, 0.5226833312134994, 0.5224398569056862, 0.5226321370978104, 0.5231061800530082, 0.5220178607263063, 0.5222772783354709, 0.5219728808653982]
valid_loss = [0.596449488401413, 0.5511909663677216, 0.5218046650290489, 0.5044900685548782, 0.500983253121376, 0.486874894797802, 0.4688271224498749, 0.4413766250014305, 0.41298128515481947, 0.430819533765316, 0.4872449040412903, 0.48910284489393235, 0.4907750189304352, 0.48403284400701524, 0.4882768452167511, 0.4619043156504631, 0.481418314576149, 0.4062708929181099, 0.49377318620681765, 0.4933433696627617, 0.491228486597538, 0.49353158175945283, 0.49245001971721647, 0.4947004675865173, 0.48646536469459534, 0.49613367319107055, 0.4887792646884918, 0.4906758710741997, 0.494496214389801, 0.49346463531255724, 0.48670846968889236, 0.502316278219223, 0.4856697365641594, 0.5007966250181198, 0.4855556681752205, 0.4878038868308067, 0.49619804322719574, 0.4954244241118431, 0.4948695883154869, 0.49293954074382784, 0.4952657505869865, 0.4928095519542694, 0.4929914981126785, 0.499321211874485, 0.4929227828979492, 0.49662545323371887, 0.49611027389764784, 0.4907853052020073, 0.4918185338377953, 0.48996111899614336]

Loss test 0.5307057127356529
Acc test 0.7770324
