train_acc = [0.6399606, 0.7537788, 0.77493954, 0.7813698, 0.78247136, 0.7825425, 0.7822537, 0.78337926, 0.78262025, 0.78313893, 0.78303254, 0.7833834, 0.7833441, 0.78374964, 0.7949836, 0.80789536, 0.8120469, 0.81295913, 0.8184378, 0.8232145, 0.82484627, 0.8286024, 0.8379574, 0.83876085, 0.84896904, 0.85232073, 0.8590715, 0.8648962, 0.8674647, 0.873694, 0.8781255, 0.87466127, 0.88906425, 0.8932039, 0.89083993, 0.894541, 0.8969218, 0.9035442, 0.90355897, 0.9127332, 0.9032505, 0.9139124, 0.91320956, 0.91794086, 0.91648495, 0.9188542, 0.92244935, 0.9270597, 0.9294642, 0.9259354]
valid_acc = [0.7859739, 0.7979838, 0.80413705, 0.80684745, 0.80089366, 0.8065678, 0.808766, 0.801931, 0.80556905, 0.8055088, 0.8061819, 0.80033463, 0.81061137, 0.8149999, 0.7061133, 0.699525, 0.6527374, 0.7161414, 0.69081813, 0.69194263, 0.68441784, 0.7032649, 0.71628356, 0.70666826, 0.6918729, 0.69992113, 0.7221178, 0.69365597, 0.75244933, 0.7140192, 0.6829746, 0.73895496, 0.7046736, 0.6875004, 0.7426963, 0.73859435, 0.70737404, 0.7255366, 0.7473996, 0.67441076, 0.75315213, 0.74522454, 0.7555243, 0.74343866, 0.7111946, 0.78842556, 0.7708173, 0.7709445, 0.8304574, 0.75860417]
train_loss = [0.6937472983410484, 0.6895644602022672, 0.6846835650895772, 0.6768753635255914, 0.6687040617591457, 0.6608421708408155, 0.6527067178174069, 0.6431724799306769, 0.6322958525858428, 0.6185987654485201, 0.602600538103204, 0.5839155272433633, 0.5635071058022348, 0.5428532939208182, 0.5212453365325928, 0.4973830144656332, 0.47791338845303183, 0.46320917418128565, 0.44636638384116323, 0.43068003560367385, 0.4175675056482616, 0.3991624032196246, 0.38064100993307015, 0.37249771387953506, 0.35651397359998604, 0.34367705834539314, 0.3310813944590719, 0.3158668889811164, 0.307538041001872, 0.29865597549237705, 0.2886203339225368, 0.29839069215874925, 0.2662844560648266, 0.25857806974335723, 0.26186271231425434, 0.2575511091633847, 0.24833674321049137, 0.23687442164672048, 0.23588439335948544, 0.22100653413094973, 0.23970059470126504, 0.21704992181376406, 0.2178976651869322, 0.21166372346250634, 0.21614953655945626, 0.21160866453459387, 0.20545466291277031, 0.1931673598916907, 0.19219698490280854, 0.19686887428948754]
valid_loss = [0.6907951146364212, 0.6877114564180374, 0.6820647150278092, 0.6754301100969314, 0.6721867263317108, 0.6654603540897369, 0.6604570478200913, 0.6566026270389557, 0.6509567111730575, 0.6471641480922699, 0.639955934882164, 0.6322305768728256, 0.6200699895620346, 0.6155706733465195, 0.6089920818805694, 0.5966103196144104, 0.6143220901489258, 0.5789330095052719, 0.583840274810791, 0.5720334872603416, 0.5696935892105103, 0.5491073325276374, 0.5193150892853737, 0.5168629094958306, 0.5336175754666328, 0.5217187330126762, 0.49837988018989565, 0.5127917364239692, 0.46181509643793106, 0.5026291519403457, 0.5187672674655914, 0.46045645624399184, 0.49786560535430907, 0.5119497463107109, 0.4594915896654129, 0.4618127644062042, 0.5095636025071144, 0.4771460250020027, 0.457436241209507, 0.5355521753430367, 0.44649953618645666, 0.4633544012904167, 0.44113753736019135, 0.47298661470413206, 0.4890551269054413, 0.4109199345111847, 0.43061310797929764, 0.42881902754306794, 0.3588548816740513, 0.44816397279500964]

Loss test 0.426184755563736
Acc test 0.7930339
