train_acc = [0.6572701, 0.7810075, 0.78292584, 0.7832307, 0.78318536, 0.78356385, 0.78370404, 0.78371054, 0.7833668, 0.78308684, 0.78365296, 0.78326446, 0.78341854, 0.7826632, 0.80125827, 0.80928695, 0.816537, 0.82458514, 0.83809125, 0.8463358, 0.84933585, 0.8504531, 0.8821013, 0.87632304, 0.8947387, 0.8960303, 0.90810853, 0.9069528, 0.91436166, 0.92120916, 0.9239664, 0.93065035, 0.92680055, 0.92777324, 0.9374448, 0.91968673, 0.9347676, 0.9413004, 0.9451937, 0.94406086, 0.9393024, 0.94979906, 0.9488837, 0.9520534, 0.9353414, 0.95228153, 0.9501717, 0.96190923, 0.9489128, 0.953849]
valid_acc = [0.8025379, 0.80527794, 0.80943793, 0.8055973, 0.807475, 0.810536, 0.79348844, 0.80872107, 0.8048643, 0.80470836, 0.81017625, 0.80533236, 0.80751336, 0.8073772, 0.8351058, 0.82816637, 0.8345461, 0.7675215, 0.7548494, 0.7261148, 0.73626107, 0.74019885, 0.7419499, 0.771995, 0.8477863, 0.7281881, 0.68237245, 0.85375464, 0.80685997, 0.73842305, 0.782265, 0.8187958, 0.86178, 0.75890416, 0.86520404, 0.82450885, 0.8250104, 0.82100505, 0.85438573, 0.8607904, 0.8838457, 0.8163823, 0.8470255, 0.88093823, 0.8448349, 0.9288559, 0.8823255, 0.89281046, 0.9072377, 0.87621605]
train_loss = [0.6913014336636192, 0.6822874006472136, 0.675210480313552, 0.668527805177789, 0.6621722227648685, 0.6560014103588305, 0.6497165955995259, 0.6397652695053502, 0.6238935514500267, 0.6026757886535243, 0.5691081298025031, 0.5225301196700648, 0.4835742959850713, 0.45401509968858017, 0.4201834189264398, 0.39324412816449217, 0.3731200911496815, 0.36108073090252124, 0.33732383408044514, 0.32640640751311656, 0.3181304075215992, 0.31783546915179806, 0.27221338090143704, 0.27722115548033466, 0.2527650042584068, 0.24874782828908218, 0.23184043608213725, 0.2270139202475548, 0.21886478819345173, 0.20748738050460816, 0.1984218838967775, 0.18842616355732866, 0.19170614363331545, 0.18735760575846622, 0.17128193190223293, 0.21980802895207155, 0.1760814185205259, 0.16106082283352552, 0.15123130804614016, 0.15734670538651316, 0.15936713555925772, 0.14029051590906946, 0.14193663840231144, 0.13454233290333498, 0.1740299296222235, 0.13308381532367908, 0.1361996315419674, 0.10949438324100093, 0.14129154650788558, 0.12749731038746082]
valid_loss = [0.6851646929979325, 0.6773744314908982, 0.6696915686130523, 0.662935534119606, 0.6559288233518601, 0.6488584011793137, 0.6445397824048996, 0.6311972260475158, 0.6193154603242874, 0.609579548239708, 0.5903533875942231, 0.5632133066654206, 0.5252510696649552, 0.5268141582608223, 0.49110454618930816, 0.4813750863075256, 0.444117996096611, 0.44443408846855165, 0.42628025859594343, 0.4466319173574448, 0.4277094691991806, 0.4346447825431824, 0.4182576104998589, 0.38978273421525955, 0.3184885308146477, 0.4494695857167244, 0.5085560217499733, 0.3249109834432602, 0.36750614941120147, 0.4513432964682579, 0.4042373441159725, 0.35637030750513077, 0.3004030376672745, 0.46165645122528076, 0.2877713590860367, 0.356860813498497, 0.35408970564603803, 0.3582722969353199, 0.3138048119843006, 0.30293923765420916, 0.26750448346138, 0.36826946288347245, 0.3265155032277107, 0.2745180480182171, 0.3218755111098289, 0.18408904336392878, 0.2679729864001274, 0.251651082187891, 0.2238277554512024, 0.27874902859330175]

Loss test 0.24424774572253227
Acc test 0.90257615
