train_acc = [0.7828725, 0.78305376, 0.7834741, 0.78359264, 0.7838342, 0.7835838, 0.7831196, 0.78503996, 0.7828408, 0.7837557, 0.7831657, 0.7833938, 0.7832177, 0.78290504, 0.81827104, 0.83542794, 0.886077, 0.90497214, 0.9350038, 0.92534703, 0.96506137, 0.9042825, 0.95020914, 0.7835055, 0.78305894, 0.7830369, 0.78335917, 0.78338015, 0.7831134, 0.7831226, 0.7826151, 0.78326523, 0.7829419, 0.7836068, 0.78327787, 0.78341275, 0.7831861, 0.7831151, 0.78325486, 0.78317726, 0.76581365, 0.65890104, 0.7832818, 0.7833682, 0.7837036, 0.7833062, 0.78332424, 0.7836759, 0.78355646, 0.7837251]
valid_acc = [0.8069042, 0.808225, 0.8007418, 0.8051407, 0.80179423, 0.8062051, 0.8120971, 0.8001787, 0.80287683, 0.8063982, 0.800289, 0.8092143, 0.8078474, 0.6690552, 0.863716, 0.89443076, 0.5001064, 0.9009985, 0.94439715, 0.93827075, 0.83661735, 0.9641284, 0.80839616, 0.80595064, 0.8110857, 0.80493927, 0.7995643, 0.80969083, 0.797257, 0.8173378, 0.79576826, 0.8063734, 0.81124, 0.8003723, 0.806382, 0.8115841, 0.8060778, 0.8030761, 0.8089239, 0.8076889, 0.19400916, 0.8065599, 0.80371064, 0.8126076, 0.8007067, 0.8070747, 0.80659306, 0.8068097, 0.80880576, 0.80295527]
train_loss = [0.46737948499227827, 0.4068747573777249, 0.403609382792523, 0.4028533847708451, 0.39410539771381176, 0.39375688904210143, 0.3809861660003662, 0.3863347182148381, 0.4106504648923874, 0.532596882079777, 0.5226167660010489, 0.46912759134643955, 0.39981606414443566, 0.34459757475476516, 0.33095127532356666, 0.32302492323674653, 0.2678691787155051, 0.24010038940530073, 0.18427799720513194, 0.19260411858558654, 0.11534965759829471, 0.23926645925170498, 0.23477097945777994, 3.3359922107897306, 3.3428975707606265, 3.343236612018786, 3.338247876418264, 3.338019215433221, 3.3420533355913666, 3.341901309866654, 3.3497564466376053, 3.339703088057669, 3.3446996462972542, 3.3344305653321116, 3.3395055118360015, 3.3374216380872226, 3.3409190027337323, 3.342030542775204, 3.3398578693992214, 3.3410531018909655, 3.253554273906507, 0.6403437121918327, 0.522742673284129, 0.5224026617250944, 0.5219514326045388, 0.5224555498675296, 0.5224143018848018, 0.5220038379493512, 0.5221408605575562, 0.5219680274787702]
valid_loss = [0.3663410797715187, 0.3772029474377632, 0.36932557374238967, 0.3575089991092682, 0.3568191513419151, 0.34208848178386686, 0.3252875193953514, 0.34938789159059525, 0.5789273977279663, 0.4939150333404541, 0.5006493091583252, 0.3775785446166992, 0.3644734933972359, 0.39220176339149476, 0.2981170788407326, 0.2685033783316612, 0.6596017211675644, 0.22030547484755517, 0.1441900372505188, 0.1498659584671259, 0.33819080889225006, 0.10765703488141298, 2.9549733340740203, 2.9926041841506956, 2.9136881232261658, 3.008257669210434, 3.091281795501709, 2.934916055202484, 3.126733112335205, 2.8170335412025453, 3.149787950515747, 2.986099123954773, 2.9111631512641907, 3.0786843299865723, 2.985973048210144, 2.9055612206459047, 2.9907957911491394, 3.036917984485626, 2.9468557953834535, 2.965850329399109, 1.3990014791488647, 0.49636988490819933, 0.4969822123646736, 0.4848106041550636, 0.5003183975815773, 0.4921872839331627, 0.49222153425216675, 0.49292163699865343, 0.49038535803556443, 0.4974291756749153]

Loss test 0.5277248099446297
Acc test 0.77933973
