train_acc = [0.78333426, 0.7830221, 0.78333145, 0.78368753, 0.78338534, 0.7833178, 0.783567, 0.78299046, 0.78361934, 0.7831918, 0.7833305, 0.7830824, 0.78353167, 0.78289443, 0.78336656, 0.7829507, 0.78299576, 0.796153, 0.8959514, 0.9187097, 0.9196696, 0.93042946, 0.92738706, 0.90358853, 0.9292979, 0.9328279, 0.9195439, 0.93908924, 0.9428458, 0.9418956, 0.9457931, 0.9416559, 0.9492764, 0.95319575, 0.9127835, 0.94860584, 0.9526743, 0.9451409, 0.95519495, 0.9566992, 0.9575293, 0.9572567, 0.96346885, 0.94467354, 0.96122295, 0.8535221, 0.83646363, 0.9338899, 0.94671816, 0.96159685]
valid_acc = [0.80558854, 0.80611974, 0.8033695, 0.80797327, 0.80436456, 0.80765295, 0.81197345, 0.80321866, 0.805076, 0.81072557, 0.8103558, 0.7941653, 0.8073659, 0.8090242, 0.80589086, 0.8031565, 0.8107151, 0.8338545, 0.8455633, 0.8683907, 0.8966239, 0.84873855, 0.85936433, 0.8902189, 0.914139, 0.86733043, 0.86149454, 0.9037989, 0.9238776, 0.938171, 0.90586483, 0.8919689, 0.8971154, 0.9090536, 0.90790427, 0.9112233, 0.9263218, 0.9045103, 0.91831857, 0.93412095, 0.9365716, 0.94252187, 0.95169437, 0.93211377, 0.92034894, 0.66649973, 0.9089035, 0.9093278, 0.9084753, 0.9137455]
train_loss = [0.6494448454756486, 0.563940584973285, 0.4871781195464887, 0.4326493263244629, 0.3895648115559628, 0.3701056935285267, 0.34898065548194085, 0.32932490314307966, 0.32291336357593536, 0.3072304309983003, 0.34881364765920136, 0.2997878324044378, 0.282503365058648, 0.2963976767502333, 0.2780699297001487, 0.26146638926706817, 0.26330807052160565, 0.25955294151055186, 0.2738581288801996, 0.2474489538293136, 0.2477708863584619, 0.23605520693879378, 0.2379132368062672, 0.2642172480884351, 0.23203261416209373, 0.22760107862321954, 0.24212647739209628, 0.22288525763310885, 0.21566299858846164, 0.21757967283851223, 0.2104476161693272, 0.2150409924356561, 0.2061534848652388, 0.20019044562389976, 0.2420084719595156, 0.2046349563096699, 0.1983617014790836, 0.2080296720329084, 0.1954507170539153, 0.19077868226327394, 0.1904774353692406, 0.18955829880739514, 0.18095597499295285, 0.20051862770005277, 0.1825693168138203, 0.2915157605942927, 0.3261966537488134, 0.20929692403266303, 0.19502252308945905, 0.17927929978621635]
valid_loss = [0.6513152599334717, 0.6085655331611634, 0.5348107129335403, 0.45646454840898515, 0.4459573209285736, 0.4550301879644394, 0.4300292611122131, 0.4127083897590637, 0.40650402903556826, 0.41730508357286455, 0.371429780125618, 0.42721826434135435, 0.39794611632823945, 0.3765911221504211, 0.361973862349987, 0.33279587477445605, 0.36511106640100477, 0.33909028172492983, 0.33147791028022766, 0.31473181322216986, 0.2898314118385315, 0.32921755462884905, 0.3125378616154194, 0.29356328919529917, 0.2611485213041306, 0.30227309465408325, 0.30253067538142203, 0.265889136493206, 0.2445198453962803, 0.22287235856056214, 0.2623377501964569, 0.2688810259103775, 0.2689250625669956, 0.25013163313269615, 0.2517264075577259, 0.25202812924981116, 0.2299704782664776, 0.25053274184465407, 0.2356618694961071, 0.21315466463565827, 0.21605529636144638, 0.2023701161146164, 0.1925697259604931, 0.21212555542588235, 0.22507523149251937, 0.5392506554722786, 0.24109034314751626, 0.24104339480400086, 0.23805255964398384, 0.22548960372805596]

Loss test 0.21849563643336295
Acc test 0.9381527
