train_acc = [0.78106433, 0.78363895, 0.78323823, 0.7831224, 0.7828277, 0.78365606, 0.78285307, 0.7833377, 0.7832836, 0.7836495, 0.7837379, 0.782815, 0.7835731, 0.7833202, 0.782956, 0.7832951, 0.7831039, 0.7830961, 0.7831897, 0.78333217, 0.783949, 0.78357834, 0.78321123, 0.7833736, 0.7834366, 0.7833879, 0.78333324, 0.783131, 0.78301513, 0.783087, 0.78331506, 0.78354096, 0.7832316, 0.7834315, 0.7837327, 0.7837889, 0.7836919, 0.7832078, 0.78308886, 0.7834956, 0.78341866, 0.78334457, 0.78334165, 0.7831478, 0.7832785, 0.7826862, 0.7832379, 0.7834445, 0.78298765, 0.7834776]
valid_acc = [0.80456316, 0.8028323, 0.8068692, 0.8063572, 0.806478, 0.80836904, 0.7978648, 0.80550337, 0.8079478, 0.8037022, 0.8074319, 0.80883104, 0.8055239, 0.8027948, 0.8050534, 0.8073651, 0.8038481, 0.80783117, 0.79862905, 0.80530775, 0.80607015, 0.8043334, 0.80870664, 0.8066708, 0.8066063, 0.800626, 0.80850446, 0.8039185, 0.8083693, 0.8038343, 0.81247246, 0.80684984, 0.7984852, 0.8065027, 0.8052355, 0.80998147, 0.80703485, 0.8003645, 0.80847055, 0.8020302, 0.80591583, 0.8053361, 0.8101152, 0.8079856, 0.8013924, 0.8008753, 0.80931455, 0.8029499, 0.8048668, 0.8091116]
train_loss = [0.5700668733370932, 0.5225912806234861, 0.5225458079262784, 0.5226931650387613, 0.5230883168546777, 0.5220494740887692, 0.5230386580291547, 0.5224070122367457, 0.5224627739504764, 0.5220001647346898, 0.5218659476230019, 0.5230608773858924, 0.5220857328490207, 0.5224178320483157, 0.5229061923528973, 0.5224466057200181, 0.5227272325440457, 0.5226966334016699, 0.5225915802152533, 0.5224166763456244, 0.5216296550474668, 0.5221077329234073, 0.5225758449027412, 0.5223457728561602, 0.522270036998548, 0.5223278779732553, 0.5224036856701499, 0.5226674754368631, 0.522801525341837, 0.5227374760728133, 0.5224207043647766, 0.5221280069727646, 0.5225724700250124, 0.5222722257438459, 0.5218899893133264, 0.5218334809729928, 0.5219396497073926, 0.5225779837683627, 0.5227154703516709, 0.522230758478767, 0.522299996175264, 0.5223765790462493, 0.5223825269623806, 0.522640975211796, 0.5224784725590756, 0.523238555067464, 0.5225152141169498, 0.5222634343724502, 0.5228737799744857, 0.5222268135924089]
valid_loss = [0.5010521441698075, 0.49782164543867113, 0.4923996478319168, 0.49305657893419264, 0.4929931253194809, 0.49005117565393447, 0.5039077058434487, 0.4942145347595215, 0.4907373383641243, 0.4961776494979858, 0.4915410190820694, 0.4898661866784096, 0.49414066821336744, 0.4976335123181343, 0.49476460814476014, 0.4917272686958313, 0.4964073866605759, 0.49086858332157135, 0.502904349565506, 0.49453974366188047, 0.49336895495653155, 0.49569085240364075, 0.4900685340166092, 0.4927331805229187, 0.492501699924469, 0.5003015771508217, 0.49036595970392227, 0.49618787616491317, 0.49072765558958054, 0.49632813930511477, 0.48517181575298307, 0.49253430515527724, 0.5033278807997703, 0.4928724005818367, 0.4943040445446968, 0.4883281156420708, 0.49203702956438067, 0.5005880907177925, 0.4901979371905327, 0.49863719940185547, 0.49343944936990736, 0.49448033422231674, 0.48806803971529006, 0.49091408848762513, 0.49929715394973756, 0.5001440092921257, 0.48917057663202285, 0.4974015295505524, 0.49510389417409895, 0.4895909264683723]

Loss test 0.5288708657026291
Acc test 0.7784362
