train_acc = [0.78517836, 0.7834871, 0.7833703, 0.7837318, 0.78340364, 0.783038, 0.7834898, 0.77968305, 0.7972697, 0.79401535, 0.79107636, 0.8175304, 0.8336415, 0.85913736, 0.8937087, 0.9024313, 0.785871, 0.78285706, 0.7833628, 0.78301036, 0.7831407, 0.78322417, 0.7829606, 0.78303224, 0.7830496, 0.78319114, 0.7832268, 0.7831848, 0.7828953, 0.7834087, 0.7830445, 0.78353804, 0.7829764, 0.78323555, 0.7831248, 0.7834142, 0.783213, 0.7832033, 0.7836309, 0.78308344, 0.78298444, 0.783248, 0.78370523, 0.7836391, 0.783699, 0.78277683, 0.78328884, 0.78295255, 0.78311366, 0.78337556]
valid_acc = [0.8070243, 0.81142825, 0.7983606, 0.80810374, 0.80433273, 0.8004454, 0.8145999, 0.8058318, 0.8174881, 0.80032825, 0.78049433, 0.83045083, 0.85193384, 0.8616627, 0.88147545, 0.18273167, 0.80396336, 0.8098882, 0.8009834, 0.80585974, 0.80617225, 0.8086506, 0.80379647, 0.805591, 0.80267155, 0.8064232, 0.80874825, 0.80594957, 0.8020624, 0.8133963, 0.80211574, 0.80659425, 0.80762213, 0.8054756, 0.8075492, 0.80911034, 0.80007285, 0.81068003, 0.8031561, 0.80694467, 0.8058284, 0.80915296, 0.8071988, 0.8055456, 0.8073376, 0.8073891, 0.8016575, 0.80851686, 0.8038036, 0.80469877]
train_loss = [0.4831503711248699, 0.40792676398628636, 0.4042740749685388, 0.39629803284218434, 0.39219004354978865, 0.39206024314227855, 0.39077277716837433, 0.38916084076228896, 0.3842388658147109, 0.3764387856972845, 0.3970609470417625, 0.34401599153092033, 0.3336001876153444, 0.3012450638570284, 0.257230953950631, 0.2473179300364695, 2.286791716123882, 3.3459980663500333, 3.3381910675450377, 3.343641532094855, 3.34161716511375, 3.3403404022517957, 3.3444018665112947, 3.343291234970093, 3.343042624624152, 3.340846199738352, 3.3403095044587787, 3.3409384677284644, 3.3454117247932835, 3.3374832542319046, 3.343509084299991, 3.3355166008597927, 3.3441581776267606, 3.34015622389944, 3.3422628829353735, 3.3374098978544535, 3.3405211724733053, 3.3406503250724393, 3.334455828917654, 3.34250024243405, 3.3440463668421696, 3.3399775605452686, 3.3329654994763827, 3.333930330527456, 3.333404935033698, 3.3472494677493447, 3.339333795246325, 3.3445199012756346, 3.3420475131586977, 3.338006727319015]
valid_loss = [0.3783030822873116, 0.3710069477558136, 0.3798967763781548, 0.37246924042701723, 0.35577813535928726, 0.3475600093603134, 0.3412835210561752, 0.34083557575941087, 0.3331769503653049, 0.3430729597806931, 0.34603995382785796, 0.3009601324796677, 0.3167597323656082, 0.27517851665616033, 0.24561604633927345, 1.0765731990337373, 3.0233450055122377, 2.9319084167480467, 3.069215941429138, 2.994075691699982, 2.9892543137073515, 2.950975978374481, 3.0258684039115904, 2.9983018040657043, 3.043245553970337, 2.9851895451545714, 2.9496215105056764, 2.992721623182297, 3.052746307849884, 2.877813994884491, 3.0518787503242493, 2.9828241229057313, 2.9666669607162475, 3.0001453518867494, 2.96810804605484, 2.9439017355442045, 3.0833993434906004, 2.919655328989029, 3.035778856277466, 2.9774298071861267, 2.994558906555176, 2.9432769894599913, 2.973477339744568, 2.9988086104393004, 2.9713928043842315, 2.9704182624816893, 3.05888352394104, 2.9530214428901673, 3.0257187604904177, 3.012057626247406]

Loss test 3.4260826230049135
Acc test 0.7778391
