train_acc = [0.77554685, 0.78340405, 0.7835759, 0.7833337, 0.78298354, 0.7834875, 0.7830663, 0.7831398, 0.78331363, 0.7829257, 0.78268844, 0.7833018, 0.7828147, 0.7836861, 0.7829267, 0.78286606, 0.783365, 0.7832189, 0.78308654, 0.7833954, 0.7831922, 0.7835395, 0.7830116, 0.7834088, 0.78314066, 0.78409576, 0.7835404, 0.7834637, 0.78347623, 0.7837316, 0.78292584, 0.78277475, 0.7831209, 0.78331363, 0.78291965, 0.7834746, 0.78287387, 0.7834382, 0.7831782, 0.78315914, 0.7837215, 0.7834716, 0.7831296, 0.7827851, 0.78279716, 0.7834528, 0.7832544, 0.7839585, 0.7828004, 0.7828616]
valid_acc = [0.8062709, 0.8045605, 0.8074973, 0.8054651, 0.8041457, 0.8074673, 0.81401044, 0.80096483, 0.80188197, 0.803113, 0.8126381, 0.80298984, 0.8058836, 0.8088833, 0.8051831, 0.8032978, 0.81168765, 0.80142796, 0.80916804, 0.80489004, 0.80676526, 0.8080269, 0.80390245, 0.809087, 0.8047932, 0.8113921, 0.8033536, 0.8077313, 0.8045499, 0.80943453, 0.8043192, 0.8060759, 0.80693066, 0.8018225, 0.81073916, 0.80387753, 0.8048378, 0.8049885, 0.8071064, 0.80557233, 0.80499506, 0.8053436, 0.8046829, 0.80394423, 0.8075169, 0.80200547, 0.8076029, 0.8016243, 0.81072015, 0.8023278]
train_loss = [0.5967811697407772, 0.531917564178768, 0.5236896765859503, 0.5227117231017665, 0.5229175103338142, 0.5222138997755552, 0.5227302686164254, 0.522635189796749, 0.5224097308359648, 0.5229229396895358, 0.5232173144817353, 0.5224318400809639, 0.5230632954522183, 0.5219376585985485, 0.5229098429805354, 0.5229874077596163, 0.5223490981679214, 0.5225489101911845, 0.5227059853704352, 0.5223068641988855, 0.5225689307639473, 0.5221197570625105, 0.5228112377618489, 0.5222856916879353, 0.5226327940037376, 0.521403568983078, 0.5221255738484232, 0.5222269218218955, 0.5222032964229584, 0.5218819106879987, 0.5229067924775576, 0.5231083640926762, 0.5226616552001552, 0.5224113680814442, 0.5229257498916827, 0.5222017937584927, 0.5229789865644354, 0.5222466820164731, 0.5225859365965191, 0.5226141509256865, 0.5218849658966065, 0.522215526668649, 0.5226539561623021, 0.5231159081584529, 0.5230762309149692, 0.5222315245553066, 0.5224908307978982, 0.5215868780487463, 0.5230683182415209, 0.5229929331101869]
valid_loss = [0.5259457260370255, 0.502450880408287, 0.4941249206662178, 0.495221883058548, 0.4963191390037537, 0.49172016233205795, 0.4832057639956474, 0.49994044154882433, 0.4986765176057816, 0.49712403416633605, 0.4850399509072304, 0.49742739349603654, 0.49374470859766006, 0.4897099420428276, 0.49452445954084395, 0.49692138433456423, 0.48594143986701965, 0.49931693971157076, 0.48936919718980787, 0.4948760837316513, 0.492478109896183, 0.4908247649669647, 0.4962669089436531, 0.48944556415081025, 0.4950407981872559, 0.48648236095905306, 0.4968281790614128, 0.4912603676319122, 0.49537592828273774, 0.4891593709588051, 0.49570185542106626, 0.4934466451406479, 0.49234127849340437, 0.49891131818294526, 0.48748759329319, 0.49617183655500413, 0.4949924394488335, 0.49466737657785415, 0.492007739841938, 0.49401388466358187, 0.49467313289642334, 0.4942567810416222, 0.49516443610191346, 0.49610588550567625, 0.4915264084935188, 0.4986088514328003, 0.4914328634738922, 0.4991171956062317, 0.4874188885092735, 0.4982243701815605]

Loss test 0.5297820821404458
Acc test 0.7777415
