train_acc = [0.7777989, 0.7829945, 0.7836249, 0.7831444, 0.7838925, 0.7836947, 0.7822515, 0.78339523, 0.7825918, 0.7828741, 0.78315246, 0.7834732, 0.7835046, 0.7830061, 0.78343856, 0.78314674, 0.7828131, 0.7834542, 0.7833508, 0.7835992, 0.7829449, 0.783407, 0.78317744, 0.7830727, 0.7831858, 0.78330755, 0.78361803, 0.7834936, 0.783205, 0.78362477, 0.78343254, 0.78275084, 0.7829125, 0.78321654, 0.7829532, 0.78346395, 0.7831478, 0.78320795, 0.7835823, 0.7829604, 0.78270954, 0.7828874, 0.7832397, 0.78347343, 0.782851, 0.7825667, 0.7831846, 0.78313196, 0.7830253, 0.7836937]
valid_acc = [0.8061531, 0.80636394, 0.8057211, 0.8101985, 0.8063081, 0.8095988, 0.79730886, 0.8155241, 0.80281657, 0.808729, 0.81037647, 0.79956067, 0.8056094, 0.8096816, 0.8059576, 0.7982639, 0.8121761, 0.8079683, 0.8024108, 0.8051421, 0.80574113, 0.8048911, 0.8035674, 0.80974406, 0.8056359, 0.8070143, 0.8062476, 0.8021445, 0.8079856, 0.8039335, 0.80707854, 0.809536, 0.79946613, 0.8058981, 0.80702305, 0.8079961, 0.802536, 0.8042385, 0.8011429, 0.8089908, 0.8056161, 0.8084305, 0.8049259, 0.8062334, 0.8043575, 0.8090013, 0.8020762, 0.8038111, 0.8062809, 0.8043076]
train_loss = [0.5347723446394268, 0.5230059357065904, 0.5222223617528614, 0.522754043340683, 0.5218549847602845, 0.5220608450864491, 0.5238400666337264, 0.5223603433684298, 0.5234227647906855, 0.5230348885059357, 0.5228081693774775, 0.522279049220838, 0.522310122376994, 0.5229230661141245, 0.522438172917617, 0.5227579471312072, 0.5231422380397194, 0.5222649006467116, 0.5223827983203687, 0.5222269158614309, 0.5230237041649065, 0.5224240456756792, 0.5226055029191469, 0.5229018396452854, 0.5227080972571122, 0.5225372486992886, 0.5220576803935202, 0.5222643158937755, 0.5227047455938238, 0.522094085969423, 0.5223437428474427, 0.5232031586923097, 0.5229770917641489, 0.5227451948743117, 0.5230277020680277, 0.5223912003793214, 0.522719165839647, 0.5226795707878313, 0.5222137971928246, 0.5230042407387181, 0.5233913961209748, 0.5230935071644031, 0.522530145080466, 0.5223425168740122, 0.5231559439709312, 0.5235463013774471, 0.5226807374703256, 0.5226426453966844, 0.5229701412351508, 0.5220873079801861]
valid_loss = [0.4942730441689491, 0.49372202157974243, 0.49437992423772814, 0.4889668107032776, 0.49302108585834503, 0.4888151779770851, 0.5049952313303947, 0.4811409428715706, 0.4974068745970726, 0.49225697964429854, 0.48801430463790896, 0.5015307813882828, 0.4935637518763542, 0.48868018537759783, 0.49385344088077543, 0.503423410654068, 0.4843123942613602, 0.4912444293498993, 0.4993481010198593, 0.4936636224389076, 0.4932604968547821, 0.49435136616230013, 0.49705635756254196, 0.48906098008155824, 0.49350087642669677, 0.4926454767584801, 0.4949750959873199, 0.49780491441488267, 0.4905236825346947, 0.4971631392836571, 0.4919441804289818, 0.4884155601263046, 0.5028781741857529, 0.4943468257784843, 0.49183328449726105, 0.49229191392660143, 0.4985050529241562, 0.4960919260978699, 0.5008255794644356, 0.4895612016320229, 0.4940163269639015, 0.4910136371850967, 0.4942229941487312, 0.4941931262612343, 0.4954783976078033, 0.48971537202596666, 0.49824332892894746, 0.49723531752824784, 0.4926540657877922, 0.4959873303771019]

Loss test 0.5275880739092826
Acc test 0.77941847
