train_acc = [0.78322154, 0.7834328, 0.7828448, 0.7830091, 0.78311336, 0.7833078, 0.7830797, 0.78329265, 0.78345144, 0.78350365, 0.82111657, 0.89520127, 0.9094511, 0.8963721, 0.90028894, 0.9252919, 0.9226555, 0.9150285, 0.9390742, 0.9486269, 0.9385326, 0.9604173, 0.9539501, 0.93731314, 0.96470106, 0.9620056, 0.9609117, 0.9769658, 0.9733359, 0.9799717, 0.9436745, 0.96585244, 0.97348714, 0.9814462, 0.9727589, 0.9657739, 0.9783156, 0.9827555, 0.98366624, 0.983027, 0.98363215, 0.9833211, 0.9856498, 0.9639754, 0.98338395, 0.9855886, 0.98571044, 0.9835913, 0.9867382, 0.9839917]
valid_acc = [0.8048831, 0.80607253, 0.806332, 0.80986273, 0.80030173, 0.8077278, 0.8093584, 0.8061924, 0.80388796, 0.8065364, 0.9130003, 0.8531357, 0.8497863, 0.8284523, 0.9146206, 0.884433, 0.93142015, 0.91549206, 0.93608123, 0.8736266, 0.9381099, 0.93740606, 0.936508, 0.96457845, 0.9576767, 0.95704305, 0.94795763, 0.961758, 0.95088786, 0.9351886, 0.93172675, 0.9722862, 0.95123166, 0.96573746, 0.9661795, 0.9683062, 0.96822894, 0.9670647, 0.9684908, 0.968511, 0.9615329, 0.97511387, 0.97451514, 0.96880376, 0.9662876, 0.9736117, 0.95796454, 0.9648328, 0.97067946, 0.97378004]
train_loss = [0.5733948318581832, 0.3944927471248727, 0.3708696569267072, 0.40623054912215784, 0.38152330266801937, 0.37216177582740784, 0.3544065469189694, 0.36405166058163896, 0.3114299692605671, 0.3030495536954779, 0.2918496815781844, 0.2687293339716761, 0.25131924246486864, 0.26317666125924966, 0.2577568338105553, 0.2276899350316901, 0.22868305601571737, 0.23046535441749974, 0.20515826046466829, 0.18499034815712978, 0.199214221929249, 0.1618764551062333, 0.16388197768675652, 0.18412958195334986, 0.14586519081341592, 0.14567665144016867, 0.14666118880635814, 0.11882945730497962, 0.12161314926649394, 0.10786241810572775, 0.16955669341902985, 0.13115694522857665, 0.11518084359796424, 0.09831016149960066, 0.11069271454685613, 0.12046389838582591, 0.09848634306537478, 0.0888243405050353, 0.08554313116167721, 0.08500713988354332, 0.08262847379634256, 0.08134353196150378, 0.07569385865016988, 0.11670416440618665, 0.07914999648928642, 0.0729015472688173, 0.0713470421731472, 0.07433044706520281, 0.06734594420382851, 0.07247903421521187]
valid_loss = [0.4094447925686836, 0.36264531016349794, 0.360139861702919, 0.3568625569343567, 0.363066229224205, 0.37549884170293807, 0.3081591211259365, 0.33317744359374046, 0.3097593426704407, 0.30252787098288536, 0.2517382189631462, 0.294221580773592, 0.2792220592498779, 0.318145327270031, 0.22286738082766533, 0.24738975167274474, 0.19800512343645096, 0.21809453442692756, 0.1838687315583229, 0.24678586423397064, 0.17658435553312302, 0.17539695501327515, 0.16858320757746698, 0.1405055124312639, 0.14397459737956525, 0.14277071468532085, 0.14887749142944812, 0.1284606136381626, 0.138373501598835, 0.19408439956605433, 0.17955510318279266, 0.10765422135591507, 0.1453010156750679, 0.11456878297030926, 0.10735738202929497, 0.10626997835934163, 0.10530420988798142, 0.10356981232762337, 0.10137817095965147, 0.09982479866594077, 0.11088896654546261, 0.08734650555998087, 0.08701286390423775, 0.0996539056301117, 0.0999000834301114, 0.08565265145152808, 0.11538215801119804, 0.10094828270375729, 0.09131140448153019, 0.08355205450206996]

Loss test 0.07563436161726714
Acc test 0.9807083
