train_acc = [0.77958465, 0.7834281, 0.7832668, 0.783273, 0.7830152, 0.88683623, 0.8598737, 0.90246725, 0.91932726, 0.95099705, 0.9608889, 0.9569126, 0.95409393, 0.96100706, 0.9626359, 0.9650336, 0.96446675, 0.97316974, 0.97802925, 0.9801241, 0.9807286, 0.97631323, 0.97969604, 0.9815387, 0.9808403, 0.982248, 0.98394436, 0.9805266, 0.98508966, 0.9854443, 0.9852113, 0.98541325, 0.98597085, 0.9853217, 0.98685193, 0.9869746, 0.98701936, 0.9751448, 0.97634244, 0.9855779, 0.9860038, 0.9874476, 0.9841924, 0.9623899, 0.98408943, 0.98310685, 0.9866969, 0.98660725, 0.9873165, 0.98810977]
valid_acc = [0.80624676, 0.8047058, 0.8097784, 0.80121404, 0.8024845, 0.91947097, 0.8180165, 0.85906184, 0.9319366, 0.9330282, 0.87701845, 0.96693647, 0.9562478, 0.9502737, 0.954487, 0.97410697, 0.9761055, 0.97300005, 0.97623426, 0.9790352, 0.9788662, 0.97705936, 0.9765359, 0.9450787, 0.97955054, 0.97879124, 0.9806673, 0.9785061, 0.9809416, 0.9781019, 0.97695816, 0.9838635, 0.9818773, 0.981913, 0.9809408, 0.98302954, 0.98221195, 0.77031696, 0.97893256, 0.98135775, 0.98213834, 0.98256254, 0.9787938, 0.9760417, 0.9809105, 0.98110116, 0.9774307, 0.980754, 0.9816483, 0.9828693]
train_loss = [0.5388938734405919, 0.3891806247987245, 0.34172948316523905, 0.3011399502816953, 0.28583460512914155, 0.25416781431750246, 0.29380041000090146, 0.254975899112852, 0.2380589235770075, 0.20000453371750682, 0.18126748204231263, 0.1795572283236604, 0.17852412885741184, 0.16634152853175213, 0.15923101180478147, 0.15345359146595, 0.14848650137060568, 0.13321622853216372, 0.12225313210173656, 0.11530763946081463, 0.1112282060478863, 0.11600257613156971, 0.1080274679943135, 0.10208361493913751, 0.10082555915180005, 0.09629068829511342, 0.09089675796659369, 0.0948646806572613, 0.08506361630402114, 0.08268849877150435, 0.08158836651005243, 0.07931750197159616, 0.0770831604537211, 0.0770198402436156, 0.07236177093888584, 0.07069957526890855, 0.06956995788373445, 0.09129678218772537, 0.08891138618713931, 0.06996436275933918, 0.06792614738407889, 0.06420370022717276, 0.0696748827240969, 0.11842850058486587, 0.0699128788944922, 0.07041947033844496, 0.06254096517437382, 0.06185909293984112, 0.05965119612060095, 0.05607517377326363]
valid_loss = [0.41379774212837217, 0.42591727823019027, 0.3657137416303158, 0.37979234755039215, 0.31484819799661634, 0.26958150044083595, 0.33403601348400114, 0.30488553270697594, 0.21066651679575443, 0.21247237399220467, 0.25954968109726906, 0.15362856201827527, 0.1617403134703636, 0.16784184277057648, 0.15664396211504936, 0.1270283382385969, 0.11801402121782303, 0.12271800078451633, 0.11163187772035599, 0.10554364621639252, 0.10292132683098316, 0.10529518499970436, 0.10033779814839364, 0.15039024390280248, 0.09071193188428879, 0.09199437238276005, 0.08513249531388282, 0.08929884992539883, 0.0818851625546813, 0.08642346672713756, 0.08593602646142244, 0.0734325299039483, 0.07686356715857982, 0.07480983082205057, 0.07526561934500933, 0.07173963654786349, 0.07109910622239113, 0.4295983538031578, 0.0763789152726531, 0.07194444462656975, 0.06861219238489866, 0.06650843601673842, 0.07299789525568486, 0.08058215714991093, 0.0691726591438055, 0.06833492927253246, 0.07448148727416992, 0.06667170692235232, 0.06555903051048517, 0.05639981403946877]

Loss test 0.06227024327963591
Acc test 0.98211575
