train_acc = [0.7826846, 0.78334177, 0.78320074, 0.7830669, 0.783494, 0.7828019, 0.7836135, 0.78361046, 0.782866, 0.7837832, 0.78333867, 0.7836415, 0.7835298, 0.78282505, 0.7835529, 0.7834105, 0.7836286, 0.7832001, 0.78273815, 0.78337836, 0.78336054, 0.7833333, 0.7833594, 0.783331, 0.7833289, 0.78355366, 0.7831151, 0.78371423, 0.78345764, 0.7834151, 0.78306097, 0.78284526, 0.7834582, 0.7832336, 0.78381455, 0.7833423, 0.78316987, 0.7833366, 0.7832614, 0.7832656, 0.78347784, 0.7838904, 0.78329885, 0.7828566, 0.78352225, 0.7836399, 0.7832926, 0.7830388, 0.7832958, 0.7827075]
valid_acc = [0.80651104, 0.804783, 0.81012213, 0.8027169, 0.807253, 0.80957854, 0.8053154, 0.80801857, 0.8045702, 0.79659855, 0.8122301, 0.80485344, 0.8139677, 0.80144197, 0.80593646, 0.80862314, 0.80722284, 0.80435115, 0.8028475, 0.8098048, 0.80594426, 0.80691373, 0.8036003, 0.8090986, 0.8036626, 0.8059492, 0.80658245, 0.8083601, 0.80796206, 0.80697334, 0.80018616, 0.81057966, 0.8093044, 0.80588686, 0.8075926, 0.80243254, 0.80465317, 0.8074497, 0.80242187, 0.80857337, 0.8064747, 0.80413544, 0.8052292, 0.8026989, 0.8061832, 0.80546236, 0.8067535, 0.8087516, 0.8025238, 0.80797654]
train_loss = [0.5083040642110925, 0.5226461733642377, 0.5227154094921915, 0.5229833079011816, 0.5225203169019599, 0.5232036574890739, 0.5222572041185278, 0.5222798259634721, 0.5230999215653068, 0.5220237716248161, 0.5225110853973188, 0.5221367343475944, 0.5223146432324459, 0.5233094651448099, 0.5222443671602952, 0.5225779050274899, 0.5221328233417711, 0.5229156174157795, 0.5233804213373284, 0.5225643769690865, 0.5225753862606851, 0.5226642022007391, 0.5224538207054138, 0.5226516300126126, 0.522424925001044, 0.5223956691591363, 0.5228728165752009, 0.5219430609753257, 0.5224732527607365, 0.5224479816461864, 0.5231043558371694, 0.5231996354303862, 0.5224260452546572, 0.5226938551978061, 0.5220078421266455, 0.5227160695352052, 0.5227622245487414, 0.5226077114280901, 0.5226574342501791, 0.522693974093387, 0.5223640724232322, 0.521878153713126, 0.522836592950319, 0.5233147172551406, 0.5223402650732744, 0.5223178374139886, 0.5225808149889896, 0.5229329592303226, 0.5226473262435511, 0.5235181071256336]
valid_loss = [0.49273831397295, 0.4938912823796272, 0.487612421810627, 0.49709303826093676, 0.4914661630988121, 0.4878567591309547, 0.49541606307029723, 0.4915980935096741, 0.4960025161504745, 0.5061791121959687, 0.4852946221828461, 0.4958957239985466, 0.48173210918903353, 0.5000748082995414, 0.49546941071748735, 0.48849218636751174, 0.4905372977256775, 0.4954960003495216, 0.49875171929597856, 0.4887923538684845, 0.4926471024751663, 0.49218621402978896, 0.49801777899265287, 0.49004086554050447, 0.4979848027229309, 0.4927937060594559, 0.4926144003868103, 0.49148307740688324, 0.49151066690683365, 0.4939647391438484, 0.500328041613102, 0.4874466210603714, 0.4891486957669258, 0.49413666129112244, 0.49291221499443055, 0.4989332094788551, 0.4954208120703697, 0.4917549788951874, 0.4976525157690048, 0.49042102247476577, 0.49292525202035903, 0.49883767366409304, 0.49334260523319245, 0.4975671753287315, 0.49365710020065307, 0.4938263937830925, 0.49320529848337175, 0.48964854180812833, 0.49774966537952425, 0.49065965265035627]

Loss test 0.5279416039586067
Acc test 0.7792226
