train_acc = [0.775584, 0.7834392, 0.78310263, 0.78316796, 0.7877318, 0.8286343, 0.84313774, 0.8644652, 0.8430452, 0.8929709, 0.92091304, 0.938987, 0.9411832, 0.9348849, 0.94648075, 0.94049877, 0.9454961, 0.96367717, 0.97205377, 0.96246016, 0.9741282, 0.9763042, 0.9778411, 0.95841664, 0.978662, 0.9801308, 0.9814756, 0.98074496, 0.9828267, 0.9831823, 0.98227614, 0.9832764, 0.98434603, 0.98363197, 0.98417497, 0.97549886, 0.9829395, 0.98522353, 0.98546445, 0.98398906, 0.9862162, 0.98651624, 0.9867938, 0.9863369, 0.9871151, 0.98706794, 0.9873474, 0.9873058, 0.9877373, 0.98761547]
valid_acc = [0.8060395, 0.80534744, 0.8061043, 0.8059186, 0.78530085, 0.82943, 0.83010614, 0.7991303, 0.8753265, 0.845662, 0.89140147, 0.9084778, 0.916371, 0.90557367, 0.9584137, 0.9423706, 0.9315054, 0.9612228, 0.95484954, 0.9601715, 0.9606868, 0.9644861, 0.9679592, 0.96893275, 0.97345334, 0.9794923, 0.9786409, 0.97480094, 0.97720563, 0.97689974, 0.97241175, 0.97896945, 0.98191434, 0.9782923, 0.9821394, 0.97672653, 0.979253, 0.98128206, 0.97272074, 0.9810373, 0.98116624, 0.9822756, 0.9818157, 0.980224, 0.9832527, 0.9802128, 0.9806431, 0.9803618, 0.9830974, 0.9817934]
train_loss = [0.6099365027327287, 0.4637127885692998, 0.4088528595472637, 0.3711761335009023, 0.35484153424438675, 0.3273123259607114, 0.33746930643131856, 0.28952062678964513, 0.321903910605531, 0.2486067158611197, 0.20539629318212207, 0.1694641023874283, 0.15879542357043216, 0.17532861554308943, 0.1474183219043832, 0.15383863123623948, 0.14257541910598154, 0.09951837239296812, 0.07900092150819929, 0.09922424001913321, 0.0713481108216863, 0.06499005187498896, 0.060455670717515446, 0.11224546012909789, 0.05847488600564631, 0.054039605295187546, 0.05056236774513596, 0.052483589241379185, 0.04695924132278091, 0.04593589913688208, 0.04796334905059714, 0.04523542352805012, 0.04267887686820407, 0.0443002757861426, 0.0427961445168445, 0.06378644724425517, 0.04557519560973895, 0.040351174222795584, 0.03938443694067629, 0.04349846696775211, 0.03759295177694998, 0.03653720848654446, 0.03570972937894495, 0.03695579731934949, 0.03477217766799425, 0.03487233311722153, 0.03415140015514274, 0.03396946574120145, 0.032859892084410314, 0.03340432485075374]
valid_loss = [0.5661203652620316, 0.457832133769989, 0.38256208300590516, 0.39012831896543504, 0.3623851165175438, 0.3516259104013443, 0.341204471886158, 0.3569788888096809, 0.3267784923315048, 0.3132778018712997, 0.25434995740652083, 0.2206202805042267, 0.2010834865272045, 0.22877193316817285, 0.11880766190588474, 0.1530983742326498, 0.16214607357978822, 0.10200352277606725, 0.11700867470353842, 0.10404074732214212, 0.10592720806598663, 0.09686151221394539, 0.08957025110721588, 0.08768456112593412, 0.07489901501685381, 0.05548464953899383, 0.05913928207010031, 0.07045886367559433, 0.06295973556116223, 0.06786234267055988, 0.07423845371231437, 0.05848746970295906, 0.05026238523423672, 0.06265234211459755, 0.04659116789698601, 0.06458607036620378, 0.05985336694866419, 0.049178507551550864, 0.07963757757097482, 0.053610870335251096, 0.05163985677063465, 0.048410210944712165, 0.04924236349761486, 0.057238569390028714, 0.04539095750078559, 0.05510893305763602, 0.052682936750352384, 0.055679733958095314, 0.048250957299023865, 0.04936801791191101]

Loss test 0.05408830400556326
Acc test 0.98225003
