train_acc = [0.7834634, 0.78315157, 0.78293675, 0.78339255, 0.7835379, 0.78304017, 0.783322, 0.78322285, 0.78327256, 0.78386396, 0.7832588, 0.7828873, 0.78323066, 0.7837353, 0.7837495, 0.78326535, 0.78327703, 0.7827024, 0.7828843, 0.7831127, 0.7831476, 0.78309244, 0.7838019, 0.7829266, 0.78329337, 0.78330904, 0.78320307, 0.7833336, 0.7831338, 0.78289723, 0.7826254, 0.78283066, 0.7834919, 0.78309417, 0.7834702, 0.78349227, 0.783601, 0.78336793, 0.78311735, 0.7834599, 0.78311604, 0.783723, 0.7832716, 0.78333217, 0.7832828, 0.7827387, 0.7834531, 0.78315395, 0.78317034, 0.78326]
valid_acc = [0.8058092, 0.80738527, 0.802038, 0.80974865, 0.7979578, 0.81216943, 0.8023087, 0.8038241, 0.80741996, 0.80662477, 0.8063811, 0.80416906, 0.8125038, 0.80569375, 0.8069407, 0.8015383, 0.808741, 0.8086239, 0.804644, 0.80503845, 0.80591583, 0.80646116, 0.8063353, 0.8052103, 0.8111658, 0.8042472, 0.8046473, 0.8042122, 0.81089324, 0.8065713, 0.8022057, 0.81328565, 0.799079, 0.8105547, 0.8051475, 0.81100684, 0.8036062, 0.8045641, 0.8047956, 0.8050202, 0.8055542, 0.80317366, 0.8081792, 0.8031775, 0.8039613, 0.80894583, 0.8078604, 0.8016015, 0.80975676, 0.8090087]
train_loss = [0.6603883278997321, 0.6444891722578752, 0.6292690383760553, 0.6124599048965855, 0.5954127280335677, 0.576656765059421, 0.5572171129678425, 0.5386264970428065, 0.5216050637395758, 0.5045875837928371, 0.4908918575236672, 0.4771382065195786, 0.4645915078489404, 0.4537154690215462, 0.44068134897633604, 0.4299769618009266, 0.4196963928247753, 0.4101935935647864, 0.39984274977131895, 0.39069741870227614, 0.3822486924497705, 0.37506780153826663, 0.36415112018585205, 0.3586733247104444, 0.35046805802144504, 0.3410561580406992, 0.3352967097571022, 0.3285725701796381, 0.32300416388009723, 0.3191780193855888, 0.3108386419321361, 0.3093675219698956, 0.30145583764502876, 0.29969610885569925, 0.2954188519402554, 0.29053339832707453, 0.29210432846295203, 0.2904275737310711, 0.28461774164124537, 0.28721286215280234, 0.28291670978069305, 0.27685971542408594, 0.27643045657559445, 0.26430773060572776, 0.2728756975186499, 0.2686801802170904, 0.2674180189245626, 0.2604533755465558, 0.26544304035211863, 0.269604124834663]
valid_loss = [0.6679952025413514, 0.6600108236074448, 0.6504141598939895, 0.6421629816293717, 0.6302600681781769, 0.6217972755432128, 0.6080142855644226, 0.5937725514173507, 0.5828800231218338, 0.5623767703771592, 0.5564162462949753, 0.5519397705793381, 0.5401637643575669, 0.5327409371733666, 0.5193350628018379, 0.5056773856282234, 0.5071523383259773, 0.4899048417806625, 0.4737782508134842, 0.47276165187358854, 0.4683253437280655, 0.4560732334852219, 0.4651565864682198, 0.44130164086818696, 0.44991134107112885, 0.43914665579795836, 0.4453166052699089, 0.4449596807360649, 0.4088329255580902, 0.4192126736044884, 0.4130673438310623, 0.4386338233947754, 0.41088016629219054, 0.42297820299863814, 0.41049776673316957, 0.38704510033130646, 0.41675070226192473, 0.3818651303648949, 0.37715247422456744, 0.3622115716338158, 0.38858057260513307, 0.3573289573192596, 0.4088736578822136, 0.34923119097948074, 0.34561349302530286, 0.3344359129667282, 0.37540953755378725, 0.34493856132030487, 0.3650315999984741, 0.3667044430971146]

Loss test 0.3471790477633476
Acc test 0.77837324
