train_acc = [0.7232536, 0.78032064, 0.78173566, 0.7827283, 0.7826995, 0.78297246, 0.78340286, 0.7836583, 0.7832665, 0.7829044, 0.7826885, 0.78289384, 0.7834505, 0.7835479, 0.78312683, 0.7834985, 0.78358644, 0.7834541, 0.783309, 0.7828697, 0.78378093, 0.7831361, 0.783045, 0.78317624, 0.7831118, 0.78305477, 0.7832043, 0.7836495, 0.7830919, 0.78353876, 0.7828912, 0.7834406, 0.7831808, 0.7837714, 0.7835342, 0.7835069, 0.78332865, 0.7833158, 0.78282636, 0.782883, 0.7832519, 0.78286767, 0.78330255, 0.78339833, 0.7835805, 0.78330755, 0.78350484, 0.7834056, 0.78330386, 0.7834168]
valid_acc = [0.8024255, 0.80466443, 0.80408204, 0.80746424, 0.8054023, 0.80631244, 0.8122746, 0.7981913, 0.8131405, 0.7989946, 0.8061325, 0.8023559, 0.810475, 0.8041614, 0.8046028, 0.80617636, 0.8070568, 0.80295914, 0.806349, 0.8088134, 0.80663776, 0.80858594, 0.80345327, 0.8055614, 0.8118256, 0.80152446, 0.80693513, 0.8064016, 0.8089821, 0.8069808, 0.8079756, 0.8030344, 0.8026351, 0.8054346, 0.8091033, 0.8042649, 0.806883, 0.8062069, 0.8066225, 0.8054066, 0.80526084, 0.80383873, 0.8035156, 0.8071734, 0.8056879, 0.8017069, 0.80747855, 0.80648917, 0.8045937, 0.8067778]
train_loss = [0.6923321824324759, 0.6829142482657181, 0.6758835378446078, 0.6691548610988416, 0.6628149120431197, 0.6567289923366747, 0.6508934667235926, 0.6453163146972656, 0.6401222028230366, 0.6351865398256402, 0.6304715909455952, 0.6258666107529088, 0.6213570958689639, 0.6171567596887287, 0.6133135186998467, 0.6093943652353788, 0.6057305561868768, 0.6023187480474773, 0.5990658414991279, 0.5960994262444346, 0.5926922578560678, 0.5900949936164053, 0.587388150942953, 0.5847002807416414, 0.5822208661782114, 0.5798463865330344, 0.577475082874298, 0.5750266815486708, 0.5732262523550736, 0.5709592543150249, 0.5694066900956003, 0.5672389099472448, 0.565626291224831, 0.5635620493637888, 0.5620852570784719, 0.560541990556215, 0.5591691368504574, 0.55775331446999, 0.556723277819784, 0.5553867904763473, 0.5538778599939849, 0.5529536197060033, 0.551505866803621, 0.5503100018752248, 0.5491113985839643, 0.5482920969787397, 0.547164457722714, 0.5462992994408858, 0.5454791410973198, 0.5445384154194279]
valid_loss = [0.6859071403741837, 0.6781005203723908, 0.670759379863739, 0.6633997559547424, 0.6568777352571488, 0.6503370106220245, 0.6430898308753967, 0.6397909730672836, 0.6310798823833466, 0.6289458483457565, 0.6220794826745987, 0.6182375580072403, 0.6111553937196732, 0.6085576057434082, 0.6041261345148087, 0.599469068646431, 0.595194211602211, 0.5929706931114197, 0.588016676902771, 0.5834890902042389, 0.5811116129159928, 0.5770036667585373, 0.5763744980096817, 0.5724456161260605, 0.5664480745792388, 0.5690910130739212, 0.563639160990715, 0.5614630997180938, 0.5576293259859085, 0.5564439773559571, 0.5536545366048813, 0.5545428693294525, 0.5528138905763627, 0.5491359084844589, 0.5449034184217453, 0.5462534159421921, 0.5428103744983673, 0.5416023969650269, 0.5397401735186577, 0.539053937792778, 0.5376918137073516, 0.5373034536838531, 0.5362146973609925, 0.5322165548801422, 0.53204235881567, 0.5338715612888336, 0.5282611548900604, 0.5279186993837357, 0.5283027946949005, 0.5255342364311218]

Loss test 0.5468226671218872
Acc test 0.7801926
