train_acc = [0.73825955, 0.77990955, 0.78235394, 0.7819901, 0.7823985, 0.783353, 0.782802, 0.7829455, 0.782892, 0.7834974, 0.78275293, 0.7835393, 0.7834706, 0.7834294, 0.7833998, 0.78321636, 0.7830479, 0.78300136, 0.78325534, 0.78253067, 0.7835041, 0.7834762, 0.7834169, 0.78312755, 0.78291297, 0.7830854, 0.78347754, 0.7835025, 0.783321, 0.78297126, 0.7835779, 0.78299314, 0.78340673, 0.7831329, 0.7834447, 0.7829018, 0.78360033, 0.7832936, 0.7832012, 0.78339624, 0.78272194, 0.79186183, 0.9418977, 0.9444617, 0.9413609, 0.94774437, 0.94976884, 0.9505003, 0.9495459, 0.9528545]
valid_acc = [0.80221653, 0.80385065, 0.7989663, 0.8030079, 0.8084707, 0.80248183, 0.8066362, 0.8070515, 0.8131539, 0.7988386, 0.805603, 0.812887, 0.8028017, 0.8042846, 0.8070186, 0.8020587, 0.80928993, 0.80589974, 0.8040105, 0.8066803, 0.80567133, 0.80631256, 0.8073677, 0.80580693, 0.8046665, 0.80726177, 0.80087435, 0.81194323, 0.8032816, 0.8090989, 0.80428046, 0.8073662, 0.81430596, 0.7948533, 0.806362, 0.80448645, 0.80518264, 0.8103466, 0.8063337, 0.8043934, 0.80701745, 0.8947936, 0.8877841, 0.91645813, 0.910807, 0.9235967, 0.9065946, 0.9337727, 0.92396295, 0.92021596]
train_loss = [0.6910333062473096, 0.6785938953098498, 0.6537579222729332, 0.6302070881191053, 0.5936652861143413, 0.5435240271844362, 0.5014178112933511, 0.4738419843347449, 0.45053625608745373, 0.4236572789518457, 0.41877450127350657, 0.384294584236647, 0.36726733853942467, 0.3996222768959246, 0.3594023681000659, 0.3446266925648639, 0.3346336700414356, 0.3293644174149162, 0.31832258999347685, 0.3226404618275793, 0.2977522315163361, 0.3082901266060377, 0.2884985984940278, 0.28517783268501884, 0.2999388851617512, 0.2713787781564813, 0.26791598875271644, 0.2668451983677714, 0.25781912317401484, 0.25365132767903176, 0.32416601965301917, 0.28018069533925305, 0.2622461938544324, 0.24669231474399567, 0.24169804485220658, 0.24496794217511228, 0.2354038533411528, 0.23113640609540437, 0.22603781599747508, 0.22891960771460282, 0.2232730895280838, 0.23566600178417407, 0.21988566298233836, 0.21608720092396988, 0.21986972156323883, 0.2126532560900638, 0.20965427128892195, 0.20776611001867998, 0.2081922112326873, 0.20498411749538623]
valid_loss = [0.6851562649011612, 0.6703042358160018, 0.6571051955223084, 0.6467083752155304, 0.6307873040437698, 0.5930237144231796, 0.5779191941022873, 0.5326454520225525, 0.5111541584134102, 0.4976251646876335, 0.46085443198680875, 0.4329512745141983, 0.46470846980810165, 0.4100535660982132, 0.40936691761016847, 0.3827772155404091, 0.41394136697053907, 0.41334119588136675, 0.3783603698015213, 0.3699903510510921, 0.4936807170510292, 0.39889975637197495, 0.34451365321874616, 0.3260429337620735, 0.3687826320528984, 0.41356977373361586, 0.3216317564249039, 0.39021283835172654, 0.3285520628094673, 0.3600384831428528, 0.40611746460199355, 0.33003753796219826, 0.2909894518554211, 0.3106957234442234, 0.31774873435497286, 0.3172701448202133, 0.29881137385964396, 0.2957004211843014, 0.29077664092183114, 0.3077403485774994, 0.28131133541464803, 0.28307867124676706, 0.29212201535701754, 0.2604450650513172, 0.2675035670399666, 0.24804450422525406, 0.2616670921444893, 0.23258575722575187, 0.2413909465074539, 0.24836758747696877]

Loss test 0.2560354329645634
Acc test 0.9350969
