train_acc = [0.77949935, 0.7831629, 0.78302854, 0.78305244, 0.78342015, 0.78340834, 0.78333604, 0.78336155, 0.783116, 0.7837328, 0.78259224, 0.78289086, 0.7831518, 0.7829491, 0.7831684, 0.7829713, 0.7838571, 0.783451, 0.7834125, 0.78321403, 0.783388, 0.7839716, 0.78271806, 0.78300005, 0.78323483, 0.7833002, 0.7833939, 0.7836389, 0.7836757, 0.7827116, 0.78307974, 0.7834822, 0.7834064, 0.78342944, 0.7833698, 0.78272575, 0.7831604, 0.78290814, 0.7830304, 0.78348845, 0.78296566, 0.7829245, 0.78379333, 0.7826791, 0.7830112, 0.7833983, 0.78377694, 0.9083148, 0.93316287, 0.9321377]
valid_acc = [0.8063897, 0.80207366, 0.8035838, 0.809461, 0.80893886, 0.8081463, 0.808564, 0.80114114, 0.8061447, 0.8111342, 0.8081482, 0.80357635, 0.8069212, 0.8086866, 0.80278885, 0.81072044, 0.8029577, 0.8057833, 0.8038991, 0.8049601, 0.80526084, 0.80358183, 0.8040808, 0.80938685, 0.8034111, 0.8121479, 0.8058999, 0.8044111, 0.8066238, 0.80026543, 0.8039959, 0.81293756, 0.8009569, 0.80611974, 0.80373, 0.80429095, 0.80658567, 0.80797434, 0.8034536, 0.8067442, 0.8062709, 0.806921, 0.8033577, 0.80771697, 0.8016838, 0.8073856, 0.8080231, 0.95221746, 0.9023363, 0.9284309]
train_loss = [0.660810659433666, 0.6120050204427618, 0.5814847563442431, 0.5619055415454663, 0.5488980613256755, 0.5404873170350727, 0.5349129934059946, 0.5310671298127425, 0.5287128338688298, 0.5262581056670139, 0.5262241771346644, 0.5250408862766467, 0.5241341553236308, 0.52393668513549, 0.5233690729266719, 0.5233671147572366, 0.5220885066609634, 0.5223877611913179, 0.522005421864359, 0.5158731946819707, 0.478834143751546, 0.44280582164463245, 0.4202096854385577, 0.41208790101503073, 0.40652948555193447, 0.4369680884637331, 0.4390017126735888, 0.4066870336469851, 0.40505413883610775, 0.4008921867922733, 0.3966090363891501, 0.3905670991069392, 0.3837747181716718, 0.39637469680685744, 0.3991295902352584, 0.3963233521110133, 0.3880547413700505, 0.3866344307598315, 0.3676807127500835, 0.3423685415794975, 0.3133274745000036, 0.3088429204727474, 0.29916116658009984, 0.27289166607354814, 0.27214931814294113, 0.268727814366943, 0.2473478626263769, 0.2258058166817615, 0.22348336357819407, 0.22031675686961727]
valid_loss = [0.6267752885818482, 0.5861911624670029, 0.5583615094423294, 0.5361469373106956, 0.5237673938274383, 0.5156238317489624, 0.5089886710047722, 0.5119795948266983, 0.503771536052227, 0.4959643006324768, 0.497421658039093, 0.5012973681092262, 0.4964230850338936, 0.4935551449656487, 0.49993172734975816, 0.48981425911188126, 0.4987098425626755, 0.49450294226408004, 0.494672928750515, 0.4812681838870049, 0.4587405785918236, 0.4083429679274559, 0.3895281210541725, 0.37668039053678515, 0.38329089283943174, 0.4546342208981514, 0.37843710333108904, 0.3769781142473221, 0.36740733981132506, 0.3801891431212425, 0.36597381383180616, 0.36260252445936203, 0.36726994067430496, 0.3612788334488869, 0.36816528141498567, 0.3603478118777275, 0.3585598647594452, 0.3568770244717598, 0.34580825120210645, 0.3608340576291084, 0.30144221186637876, 0.2882913678884506, 0.3059938684105873, 0.25346486568450927, 0.4008169278502464, 0.23793015405535697, 0.21869611442089082, 0.1975137360394001, 0.2375469021499157, 0.20365625694394113]

Loss test 0.20157034024596215
Acc test 0.9473945
