train_acc = [0.7822592, 0.7836093, 0.78309846, 0.7831472, 0.78306466, 0.7830993, 0.7834373, 0.7830563, 0.78338754, 0.7832293, 0.7832045, 0.78336084, 0.7835874, 0.78299916, 0.7834392, 0.78342295, 0.7836794, 0.78476644, 0.8096418, 0.83050936, 0.8765857, 0.9079587, 0.9268466, 0.9386458, 0.96129626, 0.97070104, 0.9745833, 0.89361805, 0.9427067, 0.97154474, 0.97078574, 0.980411, 0.9829234, 0.9835762, 0.98582155, 0.9870643, 0.9873658, 0.98803437, 0.9887351, 0.9890731, 0.98921764, 0.9896834, 0.98998314, 0.98997426, 0.9900712, 0.99038833, 0.9903862, 0.9907938, 0.9908674, 0.99084234]
valid_acc = [0.8055542, 0.8067465, 0.80842763, 0.8106693, 0.80557746, 0.8016742, 0.8021064, 0.8099049, 0.80334413, 0.8048437, 0.8091658, 0.80585706, 0.8031677, 0.8002176, 0.80767983, 0.8102288, 0.8058773, 0.80480087, 0.85645425, 0.8671819, 0.88228786, 0.9076787, 0.8932818, 0.96648914, 0.95388186, 0.96000993, 0.9738865, 0.9033495, 0.9572161, 0.9605651, 0.966931, 0.9718763, 0.97043765, 0.9630343, 0.977625, 0.96771985, 0.97533405, 0.9781033, 0.9778158, 0.9834753, 0.9790802, 0.97697866, 0.98105204, 0.9761057, 0.9814253, 0.98202676, 0.978381, 0.98365843, 0.97918415, 0.9861595]
train_loss = [0.5034632940041391, 0.4066326684073398, 0.40188326616036263, 0.40426106829392283, 0.4088957874398482, 0.4040641521152697, 0.40164274447842646, 0.40107002258300783, 0.39775349936987225, 0.3994759082794189, 0.40028209466683234, 0.4024101767100786, 0.4003129021117562, 0.4036421920123853, 0.3988208789574473, 0.3892146913628829, 0.38508702391072325, 0.3834684287246905, 0.3539964536302968, 0.3237418709616912, 0.2787944734096527, 0.22798798774418078, 0.18616444060676976, 0.15514748331747558, 0.10172529785256637, 0.07829284058197548, 0.06929792404959076, 0.2603685140021538, 0.1449504538586265, 0.07888779267668725, 0.0798766021273638, 0.0540668332263043, 0.04767057456468281, 0.04634915849095897, 0.03918757717076101, 0.03494213439132038, 0.03411285683120552, 0.031829397086250155, 0.029953126128959028, 0.02890823724630632, 0.028006499760637158, 0.027054239584034995, 0.0262013552514346, 0.026057681166811994, 0.025633437323727106, 0.02475059830436581, 0.024487176576727315, 0.02359736505895853, 0.023315893143023316, 0.023192977601368178]
valid_loss = [0.3953297197818756, 0.3694502517580986, 0.3642979606986046, 0.3742207229137421, 0.3818533346056938, 0.3660834491252899, 0.378435480594635, 0.3596885740756989, 0.36023264229297636, 0.3652588829398155, 0.36770511865615846, 0.373748654127121, 0.37610720843076706, 0.3747835740447044, 0.36233078092336657, 0.34890697076916694, 0.36088682860136034, 0.33444547951221465, 0.33947896361351015, 0.26251066029071807, 0.24715377986431122, 0.2147871721535921, 0.31400404274463656, 0.09321265704929829, 0.14163941517472267, 0.12625163812190293, 0.07340228157117963, 0.20642020776867867, 0.1110258612781763, 0.11205289904028178, 0.10052017848938703, 0.08653838876634837, 0.08557041408494115, 0.11768362009897829, 0.06683921068906784, 0.10250757113099099, 0.08075813297182322, 0.06853239387273788, 0.065038828458637, 0.050908750481903554, 0.0652122929226607, 0.07826052578166127, 0.06369206570088863, 0.0789735421538353, 0.06557194041088224, 0.06217843936756253, 0.07525982428342104, 0.05562105858698487, 0.07789851939305663, 0.04347634268924594]

Loss test 0.056232824735343453
Acc test 0.9851351
