train_acc = [0.7576507, 0.7698142, 0.7755177, 0.7782445, 0.77976847, 0.7805999, 0.78099597, 0.7815812, 0.7818356, 0.7818696, 0.78250915, 0.78230006, 0.7826074, 0.7821452, 0.78321254, 0.782788, 0.7828298, 0.7829239, 0.782866, 0.783158, 0.78298426, 0.783032, 0.7830931, 0.7829305, 0.7831469, 0.7832928, 0.7825248, 0.7836293, 0.7833901, 0.7834488, 0.7829304, 0.78307706, 0.78347945, 0.7831216, 0.78287894, 0.78325516, 0.7833123, 0.78326994, 0.7832796, 0.7833753, 0.7832267, 0.78288174, 0.7829907, 0.7827229, 0.7826228, 0.7838111, 0.7833483, 0.783472, 0.7837401, 0.7835987]
valid_acc = [0.7929962, 0.79948765, 0.80109596, 0.80918443, 0.79869586, 0.8046705, 0.8086809, 0.8039196, 0.8013239, 0.80514604, 0.7967293, 0.80851233, 0.80343044, 0.8007635, 0.81165373, 0.80341053, 0.8009466, 0.8084341, 0.80671006, 0.80405474, 0.8071168, 0.8060768, 0.8054966, 0.80657786, 0.80345595, 0.8060772, 0.8159956, 0.8028595, 0.80429566, 0.8036604, 0.8027593, 0.81120604, 0.80336344, 0.79632735, 0.8143078, 0.8017227, 0.804978, 0.8057774, 0.80570066, 0.8064721, 0.8057502, 0.80492365, 0.80990946, 0.8057256, 0.80976534, 0.8065096, 0.8068336, 0.81087846, 0.80131465, 0.80738527]
train_loss = [0.6927180472173189, 0.6914348018796821, 0.6901620431950218, 0.6889029728738885, 0.6876604839375144, 0.6864316469744632, 0.6852176578421342, 0.6840030030200356, 0.68280567369963, 0.6816242694854736, 0.6804233519654524, 0.6792690132793627, 0.6780976897791813, 0.6769791364669799, 0.6757759934977481, 0.6746728796707956, 0.6735499771017778, 0.6724323404462714, 0.6713350785406013, 0.6702176564618161, 0.6691466532255473, 0.6680664533062985, 0.6669918593607451, 0.6659493797703793, 0.6648768663406373, 0.6638170091729415, 0.6628681854197853, 0.6617153004596108, 0.6607218359646044, 0.6597007055031626, 0.658762390362589, 0.6577486728367052, 0.6567055714757819, 0.6557736917545921, 0.6548376742162203, 0.6538185941545587, 0.6528517114488702, 0.6519079572276065, 0.6509627806512933, 0.6500110688962435, 0.6491073884462055, 0.6482463955879212, 0.6473160248053701, 0.6464604471859179, 0.6455833253107572, 0.6444712663951673, 0.6436707891915974, 0.6427670667045995, 0.6418403569020723, 0.6410005732586509]
valid_loss = [0.6919147372245789, 0.6905468523502349, 0.6891928046941758, 0.6877299010753631, 0.6866203635931015, 0.6851750642061234, 0.6837451308965683, 0.6826022386550903, 0.6814245015382767, 0.6799969017505646, 0.6791434675455094, 0.6772962540388108, 0.6763270676136017, 0.6752694725990296, 0.673343825340271, 0.6726748764514923, 0.6716569662094116, 0.6698895514011383, 0.6688298434019089, 0.6678674578666687, 0.6664240092039109, 0.6653503775596619, 0.6642455786466599, 0.662992200255394, 0.6621790319681168, 0.6607657432556152, 0.6585097819566726, 0.6589145660400391, 0.6576482266187668, 0.6566278457641601, 0.6556798756122589, 0.6534581571817398, 0.6534628957509995, 0.6534141063690185, 0.6497468203306198, 0.6505637317895889, 0.6490455538034439, 0.64787857234478, 0.6468735456466674, 0.6457239657640457, 0.6448369204998017, 0.6439806938171386, 0.642103123664856, 0.6418649703264236, 0.6401365101337433, 0.6397618055343628, 0.638730263710022, 0.6369777113199234, 0.637913453578949, 0.6357485085725785]

Loss test 0.641534098982811
Acc test 0.7789501
