train_acc = [0.7831303, 0.7833516, 0.78346187, 0.7836065, 0.7833493, 0.78337866, 0.7829109, 0.78330916, 0.7830824, 0.7836072, 0.783165, 0.7826555, 0.7825144, 0.78321487, 0.78314966, 0.86393225, 0.8898256, 0.9130936, 0.9184752, 0.9197748, 0.9222164, 0.8969647, 0.9222193, 0.928778, 0.93569535, 0.9400603, 0.9335942, 0.9465684, 0.9457827, 0.9488581, 0.94882125, 0.9522761, 0.94675004, 0.955341, 0.9615569, 0.957826, 0.9509248, 0.9608417, 0.9541774, 0.9451336, 0.93898535, 0.9592281, 0.9539668, 0.9686034, 0.9682113, 0.96535647, 0.9705006, 0.93080574, 0.96915543, 0.9665025]
valid_acc = [0.80574113, 0.8034296, 0.80481166, 0.8048105, 0.80244017, 0.8049744, 0.81084824, 0.8087519, 0.8017111, 0.80253965, 0.81021595, 0.80506915, 0.7995585, 0.8058354, 0.8097582, 0.8028797, 0.8417503, 0.78639996, 0.84916, 0.84722316, 0.8986953, 0.90637636, 0.9042366, 0.91833574, 0.90549916, 0.9447851, 0.9092945, 0.9324768, 0.90665436, 0.89376515, 0.93495244, 0.94786566, 0.9585522, 0.95720303, 0.9624032, 0.9622092, 0.94087565, 0.9117252, 0.9631465, 0.91671884, 0.96110326, 0.822786, 0.96523744, 0.96213657, 0.9642113, 0.9629877, 0.9650067, 0.96134263, 0.9692558, 0.9750193]
train_loss = [0.5896089635397258, 0.4863068624546653, 0.42176330811099, 0.3935316728918176, 0.38841808720638876, 0.3677627174477828, 0.34796781884996514, 0.3439237271484576, 0.3216999511969717, 0.3253926755566346, 0.30727466674227466, 0.2892995823370783, 0.28850244926778895, 0.31142305653346214, 0.2885687506512592, 0.26471650506320754, 0.27583012298533793, 0.25393872323789096, 0.24726143400920064, 0.24604688365208474, 0.24203350057727413, 0.2702033111923619, 0.23860754339318527, 0.23160279377510673, 0.22784028037598258, 0.22128547681005378, 0.22680572914449793, 0.21275417600807392, 0.2122580741581164, 0.207130860498077, 0.20795161237842158, 0.20198123509946622, 0.2057241069643121, 0.19637286545414673, 0.18977094496551314, 0.1907748796437916, 0.20094790929242184, 0.1866197549983075, 0.19361673868016194, 0.20010710593901182, 0.206416874810269, 0.18448620673857238, 0.19053449866018798, 0.17249686388592972, 0.17167886777928001, 0.17464265697880796, 0.1679203179321791, 0.20931108029265152, 0.16846981228966462, 0.16997726740021454]
valid_loss = [0.5884054988622666, 0.5109901204705238, 0.4506885424256325, 0.40391401052474973, 0.4131664797663689, 0.38851120620965957, 0.38977486789226534, 0.4028661400079727, 0.39653258174657824, 0.4117438390851021, 0.3560489878058434, 0.37955773025751116, 0.418898369371891, 0.36729310601949694, 0.35075096040964127, 0.38356208205223086, 0.30775861591100695, 0.37858721911907195, 0.3213816940784454, 0.3084206894040108, 0.27612059488892554, 0.270850608497858, 0.2771668419241905, 0.2598994567990303, 0.2704316437244415, 0.22230539694428444, 0.26227470487356186, 0.2356504127383232, 0.26646685749292376, 0.26098539903759954, 0.22651683762669564, 0.20779794976115226, 0.1957417018711567, 0.1886472299695015, 0.18229342699050904, 0.17950424998998643, 0.20552210807800292, 0.23810538947582244, 0.18057898059487343, 0.21014980152249335, 0.18170839138329029, 0.30209365412592887, 0.16912342868745328, 0.17417505979537964, 0.16734319925308228, 0.17098859325051308, 0.16584587320685387, 0.17356660440564156, 0.16291771307587624, 0.1462641406804323]

Loss test 0.16048776507377624
Acc test 0.9753893
