train_acc = [0.78283983, 0.7830392, 0.7831703, 0.78324866, 0.7836333, 0.78295344, 0.7831527, 0.784551, 0.77133644, 0.78334737, 0.8128948, 0.8561919, 0.8217449, 0.86030304, 0.8854088, 0.9138167, 0.9214158, 0.9400459, 0.9626793, 0.95799756, 0.96833044, 0.978627, 0.9269382, 0.9580201, 0.9751407, 0.94231296, 0.97383195, 0.9707979, 0.97667456, 0.9837922, 0.9767089, 0.9803208, 0.98581284, 0.98673785, 0.987796, 0.987854, 0.9887594, 0.989115, 0.98908675, 0.98913914, 0.98960465, 0.9897763, 0.9901223, 0.9901863, 0.99044204, 0.9903897, 0.99051374, 0.99087876, 0.99090534, 0.99072677]
valid_acc = [0.8058961, 0.80695164, 0.80490714, 0.8096207, 0.80378467, 0.80634594, 0.80911446, 0.8124367, 0.8101193, 0.80687207, 0.73164713, 0.8222443, 0.8553196, 0.859844, 0.9043972, 0.9504694, 0.9218159, 0.95376265, 0.9646947, 0.87788934, 0.9729742, 0.96711034, 0.94967747, 0.96880305, 0.9688872, 0.66377807, 0.9678179, 0.9709339, 0.9493039, 0.9704439, 0.9457157, 0.9625616, 0.96788627, 0.96984005, 0.9767901, 0.9735502, 0.9783848, 0.98273295, 0.96703833, 0.95753306, 0.9732233, 0.9737258, 0.95785964, 0.9662415, 0.976738, 0.96982574, 0.97246283, 0.9773285, 0.97515357, 0.9601526]
train_loss = [1.4747924418825853, 0.4001400840909857, 0.4052355035355217, 0.3918622120430595, 0.3877613729552219, 0.3871703210629915, 0.3854613294726924, 0.37857660729634135, 0.38972823149279545, 0.3784991369435662, 0.3351159891015605, 0.29333134183758186, 0.36932099822320436, 0.2970557641041906, 0.26884719227489673, 0.22706149926311092, 0.207282381230279, 0.17647504281056556, 0.12522131267346834, 0.12452623393190534, 0.1029393673335251, 0.07609876951104716, 0.1774466983581844, 0.12018923924157494, 0.07737185829564144, 0.155272683932593, 0.08117237232233349, 0.08922388530091235, 0.07387013494184143, 0.05468976623133609, 0.0709910789994817, 0.06186497258512597, 0.046857174799630516, 0.04381791617917387, 0.040317125402783094, 0.03913246332422683, 0.03678640111496574, 0.03514446604408716, 0.0347578120270842, 0.03441748060286045, 0.03264904555521513, 0.03189880859694983, 0.03069059090002587, 0.030335686081334166, 0.02931956708627312, 0.029357628896832466, 0.028516680962945285, 0.027397833509664786, 0.02711058022748483, 0.02765690151013826]
valid_loss = [0.3881696224212646, 0.35523143112659455, 0.3559126973152161, 0.3450993523001671, 0.34141457080841064, 0.34368322268128393, 0.3319691106677055, 0.35401344001293183, 0.3512542262673378, 0.3510303542017937, 0.3632942661643028, 0.3322238825261593, 0.2845896027982235, 0.2704889506101608, 0.2551842212677002, 0.15674375109374522, 0.18735448122024537, 0.12696761209517718, 0.1060016930103302, 0.25931864604353905, 0.085541258379817, 0.09431865196675063, 0.12483646608889103, 0.09213896170258522, 0.09166504777967929, 0.7590702563524246, 0.0888632882386446, 0.08228764086961746, 0.13614166993647814, 0.08520853519439697, 0.1382231080904603, 0.10575292482972146, 0.09098290130496026, 0.08585547190159559, 0.06921565402299165, 0.07805769834667445, 0.06483808336779476, 0.05168613335117698, 0.09475776068866253, 0.12367498092353343, 0.07770821638405323, 0.07725403178483248, 0.11807545833289623, 0.09845437631011009, 0.06871889363974333, 0.0876924704760313, 0.08099091341719031, 0.06703846910968422, 0.07199456170201302, 0.11979186497628688]

Loss test 0.08024747408926487
Acc test 0.97230244
