train_acc = [0.74457705, 0.7815824, 0.78254604, 0.78274786, 0.782921, 0.7828477, 0.78328013, 0.78327686, 0.78297895, 0.783207, 0.78359544, 0.7829973, 0.7828631, 0.7837526, 0.7828133, 0.7828809, 0.78290516, 0.7833259, 0.7831665, 0.7837099, 0.7831169, 0.78331846, 0.7836049, 0.7826205, 0.7830714, 0.7834604, 0.78271824, 0.78377813, 0.78331715, 0.7834418, 0.7828141, 0.783279, 0.7832146, 0.7833375, 0.7835491, 0.78342646, 0.7833034, 0.78357816, 0.7833495, 0.7834663, 0.7831062, 0.7831329, 0.78351724, 0.78312665, 0.7831543, 0.7835442, 0.7835218, 0.7834843, 0.7834516, 0.78280866]
valid_acc = [0.80469894, 0.80863726, 0.80409414, 0.8058756, 0.8070318, 0.8061746, 0.80672586, 0.80576754, 0.8078125, 0.79964703, 0.8075181, 0.8046047, 0.8023615, 0.81237715, 0.80614364, 0.80388224, 0.80350494, 0.80637085, 0.8064869, 0.8052286, 0.8057394, 0.80273247, 0.8033641, 0.80868495, 0.806345, 0.80241776, 0.8092123, 0.8010731, 0.81356794, 0.7958015, 0.81346667, 0.8101193, 0.79944026, 0.80764484, 0.81576574, 0.8017169, 0.80770093, 0.80448925, 0.8063617, 0.8062412, 0.80499506, 0.8026823, 0.8063164, 0.8117286, 0.80076504, 0.80589104, 0.80424386, 0.811535, 0.8091551, 0.80054533]
train_loss = [0.688101307341927, 0.675531870440433, 0.6645595745036477, 0.6544659288305985, 0.6451331264094302, 0.6365761129479659, 0.6285552884403028, 0.6212115526199341, 0.6145122816688136, 0.6081496615158885, 0.602175361859171, 0.5969991545928152, 0.5920636666448493, 0.587007789235366, 0.5831508278846741, 0.579136111861781, 0.5754238160032975, 0.5717464120764482, 0.5686256333401328, 0.565304025850798, 0.5628922086012991, 0.5601799237100702, 0.5575833941760816, 0.5560115249533403, 0.5536203202448393, 0.5513926521727913, 0.5501276897756677, 0.5476318638575705, 0.546394197564376, 0.5448145107219093, 0.5439409648117266, 0.5422753205424861, 0.5411229353202017, 0.5398939182883815, 0.5386494200480612, 0.5377601849405389, 0.5369397922566063, 0.5358468447860919, 0.5352142556717522, 0.534342694909949, 0.5339620323557602, 0.5332714620389436, 0.5322781989448949, 0.5320619031002647, 0.531485682098489, 0.5305839792678231, 0.5301139655866121, 0.529689087365803, 0.529289267251366, 0.5295362287446073]
valid_loss = [0.6800714671611786, 0.6675003051757813, 0.6565790355205536, 0.6458048731088638, 0.6357973337173461, 0.6268974065780639, 0.6183140009641648, 0.6107707351446152, 0.6028329998254776, 0.5990596145391465, 0.5898004829883575, 0.5851596087217331, 0.5808168321847915, 0.570961731672287, 0.5692641019821167, 0.5660815685987473, 0.5622343063354492, 0.5567809402942657, 0.5531135648488998, 0.5505209535360336, 0.5470717757940292, 0.5461382150650025, 0.5430075347423553, 0.5367513567209243, 0.5359727412462234, 0.5365891784429551, 0.529412417113781, 0.5336228996515274, 0.5219813391566277, 0.5343505352735519, 0.5184278979897499, 0.5195284992456436, 0.5270228028297425, 0.5186771273612976, 0.5102959156036377, 0.5213149681687355, 0.5148665502667427, 0.5166377350687981, 0.5139201402664184, 0.5130358904600143, 0.513275320827961, 0.5146025389432907, 0.5103227809071541, 0.5043056696653366, 0.5142121583223342, 0.508502970635891, 0.5094769403338433, 0.5015453264117241, 0.5032813161611557, 0.5115029752254486]

Loss test 0.5347153872251511
Acc test 0.7777032
