train_acc = [0.7785852, 0.7831488, 0.783181, 0.78352356, 0.78344744, 0.7830708, 0.78265405, 0.7830163, 0.78279555, 0.78357327, 0.7830417, 0.7829331, 0.7830251, 0.7834052, 0.78333056, 0.78300005, 0.78276014, 0.7830129, 0.78300107, 0.78331727, 0.78350717, 0.7831743, 0.7834135, 0.78322583, 0.7834499, 0.78360146, 0.7831506, 0.78298783, 0.7835575, 0.78322387, 0.7835243, 0.7834233, 0.783429, 0.7831391, 0.7827543, 0.7835812, 0.78323025, 0.78337175, 0.7835816, 0.78357774, 0.78226316, 0.78344357, 0.7830001, 0.7833714, 0.7831823, 0.78355426, 0.78349787, 0.7829696, 0.78334504, 0.78313375]
valid_acc = [0.8061531, 0.80615175, 0.8058249, 0.80964327, 0.8064858, 0.800813, 0.81094915, 0.8004217, 0.8054064, 0.80196476, 0.8045405, 0.8070278, 0.80627584, 0.80681497, 0.7980534, 0.8087574, 0.80493605, 0.80392647, 0.81080705, 0.80326176, 0.8063289, 0.80575734, 0.80853236, 0.80360097, 0.807494, 0.809449, 0.80479157, 0.8074827, 0.79925406, 0.8074652, 0.80729854, 0.8007307, 0.8079632, 0.8049207, 0.80488396, 0.8081772, 0.8008709, 0.8128649, 0.80689466, 0.8023497, 0.8065011, 0.80668926, 0.8051575, 0.79895157, 0.80743754, 0.8047513, 0.8054491, 0.8033522, 0.8035337, 0.80727196]
train_loss = [0.5335727556755668, 0.5228318374407919, 0.5226552963256836, 0.5223026953245464, 0.522373503446579, 0.5228169218489999, 0.5233845632327231, 0.5229026443079898, 0.523217005792417, 0.5222048279486204, 0.5227774372226314, 0.52302311251038, 0.5229747913385693, 0.5224272451902691, 0.5224686801433563, 0.5228541207940955, 0.5231877204618955, 0.5228862022098743, 0.5229137586919885, 0.522539601514214, 0.5222329550667812, 0.5227836037936964, 0.5224086745789177, 0.5226774027473048, 0.5223662511298531, 0.5221608061539499, 0.5227081747431505, 0.5229960410218489, 0.522245359734485, 0.52267778453074, 0.5222509409251966, 0.5224243189159192, 0.5222836205833836, 0.5227883611854754, 0.5231850649181166, 0.5221872081882075, 0.5226045210110514, 0.5224043359881954, 0.5221548880401411, 0.5221360049749676, 0.523855647915288, 0.5224043190479278, 0.5229205235054618, 0.5225414411017769, 0.5226640701293945, 0.5222158714344627, 0.5222739837671581, 0.5229713176426135, 0.5224608901299929, 0.5227618459023927]
valid_loss = [0.4950875774025917, 0.4948622301220894, 0.4929830446839333, 0.4878074273467064, 0.4929740935564041, 0.5003686115145684, 0.487198506295681, 0.5007205873727798, 0.4942498505115509, 0.49863408505916595, 0.49465150833129884, 0.4914743185043335, 0.4920467108488083, 0.49363774955272677, 0.5033536538481712, 0.490750153362751, 0.4952738985419273, 0.4954953193664551, 0.4891908675432205, 0.4963063508272171, 0.4948302865028381, 0.49397932589054105, 0.49073345512151717, 0.49647403955459596, 0.4917799174785614, 0.489179265499115, 0.49509577006101607, 0.49290498346090317, 0.5027381956577301, 0.49181400090456007, 0.49116427153348924, 0.4997809261083603, 0.4900663524866104, 0.4954643741250038, 0.49457691311836244, 0.49255056381225587, 0.4992152899503708, 0.486732217669487, 0.4933078184723854, 0.4976147964596748, 0.4937939032912254, 0.4927625983953476, 0.4934841051697731, 0.5031089186668396, 0.4917507439851761, 0.4947081834077835, 0.49522815048694613, 0.4969824954867363, 0.49755931496620176, 0.4919562801718712]

Loss test 0.5295000076293945
Acc test 0.77794576
