train_acc = [0.5648619, 0.6378997, 0.7214753, 0.7708939, 0.8232195, 0.8448401, 0.85737646, 0.8916243, 0.88944405, 0.9014353, 0.921875, 0.9243278, 0.9243278, 0.9364099, 0.94195133, 0.9553052, 0.9553052, 0.9488554, 0.9598474, 0.95912063, 0.9816497, 0.97619915, 0.98264897, 0.98364824, 0.98591936, 0.9839208, 0.98700947, 0.987282, 0.9886446, 0.99554867, 0.99990916, 0.99990916, 1.0, 1.0, 1.0, 1.0, 1.0, 1.0, 1.0, 1.0, 1.0, 1.0, 1.0, 1.0, 1.0, 1.0, 1.0, 1.0, 1.0, 1.0]
valid_acc = [0.5255682, 0.70170456, 0.7286932, 0.7613636, 0.8025568, 0.84090906, 0.80397725, 0.8636364, 0.86647725, 0.85653406, 0.8323864, 0.89204544, 0.8650568, 0.89204544, 0.8707386, 0.8948864, 0.9019886, 0.875, 0.92471594, 0.89772725, 0.8693182, 0.89346594, 0.91335225, 0.91903406, 0.9105114, 0.90909094, 0.86221594, 0.89346594, 0.9176136, 0.92329544, 0.89914775, 0.91477275, 0.9119318, 0.91903406, 0.90909094, 0.9161932, 0.9161932, 0.9161932, 0.91335225, 0.92471594, 0.90909094, 0.90625, 0.90625, 0.9161932, 0.9161932, 0.9176136, 0.90767044, 0.92045456, 0.9176136, 0.90625]
train_loss = [0.6805290631776633, 0.6287697165511376, 0.5519414933961492, 0.476033138674359, 0.3953575815052487, 0.3502513022963391, 0.3224061776905559, 0.25942372188491875, 0.2628597396664148, 0.23602836990599022, 0.19488065611830976, 0.19282587069671514, 0.18651185871296844, 0.1602502452902669, 0.14618004973284726, 0.11996793051705111, 0.11560201548516404, 0.12734313785683277, 0.10722613844717312, 0.10354230408881639, 0.05921606446594693, 0.06734410427554055, 0.05128627201964602, 0.04684106515027409, 0.041872001739034735, 0.04417486485164223, 0.03584287320412587, 0.03714562978779594, 0.03056355928433626, 0.01555530138115458, 0.0030968917568781422, 0.0021748500305050606, 0.0010445911871630774, 0.0007378679379884446, 0.0006230852651602025, 0.0005190254371903626, 0.000460611752439649, 0.0004188239882053093, 0.0003846824659397731, 0.0003591951118683345, 0.0003405292610866952, 0.00031142911772148247, 0.00028628487257793855, 0.0002713965657380339, 0.0002575892654339293, 0.0002490356471880236, 0.0002335930288778442, 0.00022251155801208115, 0.00020869238146270765, 0.00020327198208813273]
valid_loss = [0.6836267763918097, 0.5894546454603021, 0.5260252925482664, 0.491115309975364, 0.4136833440173756, 0.34902644699270075, 0.43642713264985517, 0.3089490912177346, 0.2947244562885978, 0.3338619795712558, 0.39746492965654895, 0.2392269657416777, 0.3005979332056912, 0.25107417594302783, 0.28208056769587775, 0.24104431881145996, 0.23846547441049057, 0.31142775172537024, 0.20265054973688992, 0.2959842776710337, 0.34740418737584894, 0.2548764781518416, 0.2563939331607385, 0.2639719437469136, 0.34501516886732797, 0.24879722161726517, 0.37649658051404084, 0.35566980188543146, 0.2506422129544345, 0.2769159200516614, 0.3758579844778234, 0.3589013357731429, 0.35461570593443786, 0.3566444353623824, 0.3809214464642785, 0.35048010538924823, 0.3935098201036453, 0.38806840777397156, 0.35551654073325073, 0.3695641485127536, 0.3593291128900918, 0.41873340715061536, 0.39425273036414926, 0.3802136711945588, 0.39006056026978925, 0.3753745637156747, 0.4204910939390009, 0.3668427900834517, 0.4013413079082966, 0.40805048834193836]
Score
Loss test 0.27406932910283405
Acc test 0.9277344