train_acc = [0.55477834, 0.66015625, 0.76389897, 0.8144077, 0.84892803, 0.885992, 0.88190407, 0.9054324, 0.90743095, 0.9232376, 0.94331396, 0.9362282, 0.9505814, 0.94949126, 0.9654797, 0.96993095, 0.96756905, 0.97619915, 0.9717478, 0.9869186, 0.9741097, 0.98782706, 0.9851926, 0.99255085, 0.9850109, 0.9916424, 0.9839208, 0.9932776, 0.99990916, 1.0, 1.0, 1.0, 1.0, 1.0, 1.0, 1.0, 1.0, 1.0, 1.0, 1.0, 1.0, 1.0, 1.0, 1.0, 1.0, 1.0, 1.0, 1.0, 1.0, 1.0]
valid_acc = [0.64772725, 0.69602275, 0.77840906, 0.78835225, 0.73579544, 0.87357956, 0.88210225, 0.8693182, 0.8707386, 0.88778406, 0.9005682, 0.89772725, 0.9019886, 0.9119318, 0.89914775, 0.90625, 0.84375, 0.9105114, 0.9119318, 0.90482956, 0.890625, 0.89772725, 0.90767044, 0.91477275, 0.90625, 0.9019886, 0.89204544, 0.90767044, 0.90767044, 0.90340906, 0.921875, 0.91335225, 0.90482956, 0.91477275, 0.9119318, 0.921875, 0.92471594, 0.91477275, 0.9176136, 0.90482956, 0.92897725, 0.9119318, 0.9176136, 0.9161932, 0.9161932, 0.921875, 0.9176136, 0.9105114, 0.91335225, 0.90767044]
train_loss = [0.6842588442702626, 0.6148933808124343, 0.48513926297079685, 0.4083085237287505, 0.34389953765758247, 0.27358097803973874, 0.27492373246093127, 0.22954337014058648, 0.22555650583316766, 0.18619091490955028, 0.14731207276088035, 0.16321426848772652, 0.1301718603895414, 0.12573395580118304, 0.09021772367089208, 0.08405949863832617, 0.08478276343166091, 0.06393642052141733, 0.07238735514354545, 0.03867335019822349, 0.07041220513218473, 0.03237611540663598, 0.04009971343577152, 0.01931905829490482, 0.038600677726631255, 0.02426573378296209, 0.039787037652109405, 0.020865673971901172, 0.0015431699157118623, 0.0006143905551372755, 0.000350254342122774, 0.00026060397968903154, 0.00021941225101098226, 0.00019152854136582709, 0.00016894477511517262, 0.00015182130746959659, 0.00013938839162149232, 0.00012764854340127575, 0.00011701738375791138, 0.00010973035350709092, 0.00010249597637129608, 9.493735369634905e-05, 9.118377971220937e-05, 8.596014105165089e-05, 8.15951946283666e-05, 7.761855026345519e-05, 7.40219363260119e-05, 7.03460375812187e-05, 6.826192318292902e-05, 6.505069224479698e-05]
valid_loss = [0.6450258818539706, 0.5528478283773769, 0.447223805568435, 0.44708230007778516, 0.5269228436730125, 0.32220901345664804, 0.3005143661390651, 0.27402633360841055, 0.2811438431116668, 0.27030848000537266, 0.2464760426770557, 0.24497058919884943, 0.2686511403457685, 0.24244311316446823, 0.2947477749125524, 0.2719997196373614, 0.38740024173801596, 0.3003260420466011, 0.2539974530650811, 0.31755978461693635, 0.2873457385735078, 0.3098540659993887, 0.34467475675046444, 0.3456803089515729, 0.3437317301603881, 0.32505488861352205, 0.4245527312159538, 0.3307515269526365, 0.3819196104410697, 0.4370790013027462, 0.3710063213419, 0.4530798894437877, 0.4652901173315265, 0.4514962331476537, 0.42166004205037927, 0.41701473244889214, 0.4393946710492442, 0.4568725180896846, 0.43504620978439396, 0.5079317599196326, 0.3646410342983224, 0.5089074847373095, 0.45389059296047146, 0.46490020354659384, 0.4686722301624038, 0.4431467558130283, 0.45011444694616576, 0.4815108522293899, 0.4637259426950054, 0.5238634842363271]
Score
Loss test 0.35195348955069977
Acc test 0.92830884