train_acc = [0.453125, 0.45241478, 0.45251623, 0.45241478, 0.45241478, 0.4526177, 0.45251623, 0.45271915, 0.45241478, 0.45241478, 0.4523133, 0.45241478, 0.45251623, 0.45241478, 0.4526177, 0.4526177, 0.4523133, 0.45251623, 0.4526177, 0.4523133, 0.45251623, 0.4526177, 0.4523133, 0.45241478, 0.4523133, 0.45271915, 0.45251623, 0.45251623, 0.4523133, 0.45241478, 0.45241478, 0.45251623, 0.45241478, 0.45251623, 0.45251623, 0.45241478, 0.45241478, 0.4526177, 0.45251623, 0.45241478, 0.4523133, 0.45251623, 0.45251623, 0.4526177, 0.45251623, 0.45251623, 0.4526177, 0.45241478, 0.45251623, 0.45241478]
valid_acc = [0.47574013, 0.4740954, 0.4745066, 0.47327304, 0.47162828, 0.47162828, 0.48355263, 0.47286186, 0.48725328, 0.47820723, 0.45764804, 0.4819079, 0.48026314, 0.47491777, 0.46546054, 0.4712171, 0.48108554, 0.48314145, 0.47779605, 0.46052632, 0.48519737, 0.46751645, 0.48149672, 0.4712171, 0.47779605, 0.47203946, 0.47532895, 0.47985196, 0.47820723, 0.46875, 0.4868421, 0.4712171, 0.4712171, 0.46998355, 0.48560855, 0.47532895, 0.47738487, 0.47203946, 0.47491777, 0.4765625, 0.47985196, 0.4765625, 0.4745066, 0.48314145, 0.47944078, 0.46957237, 0.48519737, 0.47532895, 0.47944078, 0.4634046]
train_loss = [8.396183434244874, 8.446473920500123, 8.44490892856152, 8.446473960752611, 8.446473898825708, 8.44334390256312, 8.44490892856152, 8.441778833215887, 8.446473905018397, 8.446473966945302, 8.448038949594869, 8.446473951463576, 8.444908891405378, 8.446473901922053, 8.443343843732562, 8.443343865406977, 8.448038940305834, 8.44490892856152, 8.443343834443526, 8.448038949594869, 8.44490885115289, 8.443343834443526, 8.448038924824107, 8.446473932885505, 8.44803895578756, 8.44177881154147, 8.444908897598069, 8.4449088449602, 8.448038986751012, 8.446473880247636, 8.446473886440327, 8.444908894501724, 8.44647392359647, 8.444908894501724, 8.444908900694413, 8.446473939078194, 8.446473945270885, 8.443343865406977, 8.444908875923652, 8.446473877151291, 8.448038940305834, 8.444908875923652, 8.444908872827307, 8.443343868503323, 8.444908866634616, 8.444908882116342, 8.443343877792358, 8.446473932885505, 8.444908866634616, 8.446473874054947]
valid_loss = [8.086681403611836, 8.112051512065687, 8.105708850057502, 8.124736421986631, 8.150106455150404, 8.150106417505365, 7.966174000187924, 8.131078908317967, 7.909091560464156, 8.048626447978773, 8.365751304124531, 7.991544083545082, 8.01691400377374, 8.099366501757974, 8.245243837958888, 8.156448916385049, 8.004228955820986, 7.972516473970916, 8.054968896665072, 8.321353849611784, 7.9408040423142285, 8.213531368657163, 7.99788656987642, 8.15644884109497, 8.05496903469688, 8.143763880980643, 8.093024015426636, 8.023256490105076, 8.048626485623812, 8.194503959856535, 7.915434034247148, 8.156448828546624, 8.15644887874001, 8.175476387927407, 7.934461530886199, 8.09302400287829, 8.061311508479871, 8.143763830787258, 8.099366451564588, 8.073996506239238, 8.023256465008384, 8.073996443497506, 8.105709013186003, 7.972516549260993, 8.029599051726493, 8.18181884916205, 7.940804079959267, 8.093023940136558, 8.029599014081453, 8.276956344905653]
Score
Loss test 7.91543405934384
Acc test 0.47297296