train_acc = [0.53897166, 0.5414244, 0.5419695, 0.5436047, 0.535883, 0.5430596, 0.5457849, 0.5456032, 0.5443314, 0.5441497, 0.55032706, 0.5466933, 0.5462391, 0.5471475, 0.5478743, 0.54696584, 0.5478743, 0.5548692, 0.5490552, 0.5546875, 0.54969114, 0.55623186, 0.55913883, 0.5525981, 0.5571403, 0.55187136, 0.5571403, 0.56431687, 0.5592297, 0.5630451, 0.5619549, 0.56722385, 0.5555051, 0.56259084, 0.55904794, 0.5600472, 0.56640625, 0.5637718, 0.56831396, 0.5690407, 0.5614099, 0.5703125, 0.56913155, 0.5708576, 0.5724927, 0.56104654, 0.5822129, 0.5759448, 0.56749636, 0.5771257]
valid_acc = [0.56534094, 0.55539775, 0.57954544, 0.55965906, 0.5738636, 0.5724432, 0.5525568, 0.5738636, 0.5880682, 0.56534094, 0.5894886, 0.5681818, 0.5681818, 0.56960225, 0.54971594, 0.56107956, 0.60653406, 0.55397725, 0.55539775, 0.57102275, 0.578125, 0.56960225, 0.56960225, 0.5582386, 0.56960225, 0.57954544, 0.5724432, 0.5980114, 0.59517044, 0.5894886, 0.55397725, 0.5980114, 0.578125, 0.59517044, 0.57670456, 0.5738636, 0.56960225, 0.58096594, 0.57102275, 0.54971594, 0.609375, 0.5980114, 0.60653406, 0.58522725, 0.5738636, 0.58522725, 0.57670456, 0.62215906, 0.609375, 0.56960225]
train_loss = [0.6900433343510295, 0.6896697466456613, 0.6899879037640816, 0.689482546129892, 0.6892214161018992, 0.6888111957976985, 0.6880289430535117, 0.6881009291770847, 0.6871236628571222, 0.6868283648130505, 0.6860238043374793, 0.686447293952454, 0.6863877627738687, 0.6853299324595651, 0.6857270892969397, 0.685016718021659, 0.6845167799051418, 0.6848514450843944, 0.6853030913097914, 0.6837642702252366, 0.6835555465415467, 0.6838997730682063, 0.6828849170097085, 0.6832860198824905, 0.6825839738513149, 0.6823573781307354, 0.6829259461441706, 0.681837934740754, 0.6823979602303616, 0.6818348495073097, 0.6814842917198358, 0.6816304554772932, 0.6813172902478728, 0.6805463786735091, 0.6814134131337322, 0.6803355951641881, 0.6800524315168691, 0.6799880650847457, 0.6787341919749282, 0.6790150514868802, 0.6789614554754523, 0.6788447963636975, 0.6785614469716715, 0.678111148435016, 0.6779102350390235, 0.6789415970791218, 0.6782627667105475, 0.6778477631336035, 0.6781419404717379, 0.6767007112503052]
valid_loss = [0.6845019622282549, 0.6889615871689536, 0.6823001070456072, 0.6843967275186018, 0.6796387163075533, 0.6830185814337297, 0.6855321797457609, 0.6855995980176058, 0.6856394572691484, 0.6825322888114236, 0.6859767003492876, 0.6835088513114236, 0.6799058372324164, 0.6816957592964172, 0.682743722742254, 0.6816541064869274, 0.6816777316006747, 0.6840993545272134, 0.6805822849273682, 0.6821437803181735, 0.6762458898804404, 0.6783349947495894, 0.6798189986835826, 0.6787839477712457, 0.6808582110838457, 0.6797524961558256, 0.6765268228270791, 0.6741773052649065, 0.6806469126181169, 0.6786385449496183, 0.681045721877705, 0.6751615459268744, 0.6754926443099976, 0.6802886778658087, 0.677354709668593, 0.6715363209897821, 0.6761654181913896, 0.6788658066229387, 0.6743369915268638, 0.6779859120195563, 0.6796196374026212, 0.6810349496928129, 0.6755173314701427, 0.6722234487533569, 0.6740399544889276, 0.6756672642447732, 0.6731047630310059, 0.6786322431130842, 0.6735095056620511, 0.6727696711366827]
Score
Loss test 0.6097036401430765
Acc test 0.5234375