train_acc = [0.5578998, 0.6428458, 0.71470493, 0.7718909, 0.8035374, 0.8532678, 0.86238897, 0.8826142, 0.90212566, 0.9020463, 0.9144194, 0.91822654, 0.92703044, 0.940276, 0.94384515, 0.9532836, 0.95494926, 0.94757295, 0.964467, 0.97327095, 0.97223985, 0.9489213, 0.9666085, 0.97929883, 0.9830266, 0.98730963, 0.99294096, 0.98849934, 0.98953044, 0.98104376, 0.9925444, 0.9992862, 0.9998414, 1.0, 1.0, 1.0, 1.0, 1.0, 1.0, 1.0, 1.0, 1.0, 1.0, 1.0, 1.0, 1.0, 1.0, 1.0, 1.0, 1.0]
valid_acc = [0.53255206, 0.5572917, 0.7682292, 0.78255206, 0.828125, 0.83723956, 0.8359375, 0.87109375, 0.85807294, 0.81640625, 0.8541667, 0.8645833, 0.87890625, 0.8697917, 0.90494794, 0.87630206, 0.8932292, 0.90755206, 0.9010417, 0.890625, 0.8645833, 0.8854167, 0.89453125, 0.89453125, 0.9010417, 0.87630206, 0.8880208, 0.9010417, 0.8723958, 0.8776042, 0.8958333, 0.89713544, 0.8854167, 0.90234375, 0.8854167, 0.8932292, 0.890625, 0.87890625, 0.91015625, 0.8880208, 0.8880208, 0.88411456, 0.8958333, 0.8984375, 0.88411456, 0.8932292, 0.88151044, 0.89453125, 0.89453125, 0.8984375]
train_loss = [0.6820322949874219, 0.6338798966504595, 0.5544223555453538, 0.46906546242346014, 0.42120862097909606, 0.33265143035329536, 0.3127357227548125, 0.27511525819749394, 0.23892376980351918, 0.23230812630526304, 0.20601283112153185, 0.20144139805118444, 0.18875196169551253, 0.15546827593128087, 0.14208537966088594, 0.12251686672609167, 0.11768079617150544, 0.1341978008126093, 0.09628742368806739, 0.07226094115421479, 0.07484039136676619, 0.13188603542612742, 0.08743741887569578, 0.057362091571546446, 0.0480142909180146, 0.03923318220236277, 0.02399700111709535, 0.03221007514813546, 0.027177261149033263, 0.051903560608719965, 0.022988956177555177, 0.004921572685931918, 0.0021022022711402657, 0.0008913484170204407, 0.0006488688863110067, 0.0005164547388067795, 0.00047341826298571933, 0.0004061772580207432, 0.0003595982246958653, 0.00031543460152783255, 0.00030211282683935886, 0.0002756592303523049, 0.0002533445621786437, 0.00023716544768055618, 0.0002240426607931099, 0.00021388134363807353, 0.00020338859170169137, 0.00018820141941908189, 0.00017911432405526284, 0.0001723758024418018]
valid_loss = [0.6764404674371084, 0.6966084390878677, 0.4917969803015391, 0.4533418168624242, 0.3733206018805504, 0.3509887792170048, 0.3499015395840009, 0.3036142811179161, 0.3033784454067548, 0.429059773683548, 0.3528546790281932, 0.31797181194027263, 0.2856893253823121, 0.30593592797716457, 0.23841987550258636, 0.2843068229655425, 0.272277803470691, 0.21494572050869465, 0.24420521159966788, 0.32570168872674304, 0.3608316021660964, 0.32536466295520466, 0.2945279174794753, 0.31365292767683667, 0.2769102491438389, 0.4160752755900224, 0.3614536722501119, 0.3262618233760198, 0.519396914790074, 0.31319793686270714, 0.34870754058162373, 0.4221288909514745, 0.469541701177756, 0.3491639917095502, 0.44867119068900746, 0.4631028113265832, 0.4374103049437205, 0.521831676363945, 0.3492616042494774, 0.5012284753223261, 0.4969467620054881, 0.4545542411506176, 0.455410602192084, 0.4097868303457896, 0.5485965423285961, 0.5071110017597675, 0.4909012168645859, 0.5008631125092506, 0.5103075429797173, 0.509053036570549]
Score
Loss test 0.3171131859223048
Acc test 0.92578125