train_acc = [0.45982143, 0.4591112, 0.4591112, 0.4591112, 0.45941558, 0.45921266, 0.45900974, 0.4591112, 0.45921266, 0.45921266, 0.4591112, 0.45921266, 0.45941558, 0.45921266, 0.45921266, 0.4591112, 0.4591112, 0.45921266, 0.45931414, 0.45931414, 0.45931414, 0.4591112, 0.45931414, 0.45921266, 0.4591112, 0.4591112, 0.45931414, 0.4591112, 0.4591112, 0.45921266, 0.45900974, 0.4589083, 0.4591112, 0.45921266, 0.45931414, 0.45931414, 0.45931414, 0.45921266, 0.45931414, 0.4591112, 0.45931414, 0.45900974, 0.4591112, 0.45921266, 0.45941558, 0.45921266, 0.45941558, 0.45900974, 0.45941558, 0.45921266]
valid_acc = [0.45189145, 0.4432566, 0.44942436, 0.4428454, 0.45805922, 0.44819078, 0.45148027, 0.43873355, 0.4473684, 0.45723686, 0.4428454, 0.44983554, 0.4551809, 0.44366777, 0.44366777, 0.4555921, 0.45641446, 0.44161186, 0.44449013, 0.45805922, 0.44572368, 0.4506579, 0.44407895, 0.453125, 0.45271382, 0.4432566, 0.45641446, 0.44407895, 0.44366777, 0.45230263, 0.44613487, 0.44654605, 0.44942436, 0.45230263, 0.44243422, 0.45148027, 0.44942436, 0.45271382, 0.44860196, 0.44654605, 0.4555921, 0.4506579, 0.44202304, 0.4477796, 0.45353618, 0.453125, 0.44819078, 0.4375, 0.44490132, 0.45230263]
train_loss = [8.291351812226432, 8.343181851622345, 8.343181864007727, 8.343181860911383, 8.338486742663694, 8.341616776082423, 8.344746890006128, 8.343181860911383, 8.34161680394953, 8.34161681014222, 8.343181817562549, 8.341616794660494, 8.338486730278312, 8.341616800853185, 8.341616788467803, 8.34318182375524, 8.343181864007727, 8.3416168225276, 8.340051737698642, 8.34005180272189, 8.34005177175844, 8.343181867104072, 8.34005179033651, 8.341616872069123, 8.343181805177169, 8.343181845429656, 8.340051750084022, 8.343181814466204, 8.343181833044275, 8.341616825623946, 8.344746871428056, 8.346311912908183, 8.343181845429656, 8.341616807045874, 8.340051768662093, 8.340051830588997, 8.340051787240165, 8.341616754408006, 8.340051756276713, 8.343181879489453, 8.3400517965292, 8.344746859042676, 8.343181839236966, 8.341616841105672, 8.338486736471003, 8.341616816334911, 8.338486761241764, 8.344746896198817, 8.338486745760038, 8.341616834912982]
valid_loss = [8.454546326085142, 8.587738614333304, 8.492601131138048, 8.594081012826218, 8.3594087926965, 8.511628615228753, 8.46088863673963, 8.657506064364785, 8.524313638084813, 8.372093803004214, 8.594081012826218, 8.48625868245175, 8.403806197015863, 8.581396140550313, 8.581396052711888, 8.397463735781217, 8.384778599990042, 8.613108522013613, 8.568710979662443, 8.359408704858078, 8.549683646151895, 8.47357369724073, 8.575053641670628, 8.435518616124204, 8.441861052262155, 8.587738551591572, 8.384778763118543, 8.575053566380552, 8.581396065260234, 8.448203777012072, 8.543341059433786, 8.536998610747489, 8.492601168783088, 8.448203626431917, 8.600423586995978, 8.460888749674746, 8.492601068396317, 8.441861177745619, 8.505286116349069, 8.536998585650796, 8.397463710684525, 8.473573684692383, 8.606766136069046, 8.517971151753477, 8.429176179986252, 8.435518703962627, 8.511628665422139, 8.676533586100527, 8.562368568621183, 8.448203726818686]
Score
Loss test 8.283298868882028
Acc test 0.44847974