train_acc = [0.5476867, 0.54748374, 0.54728085, 0.54748374, 0.5473823, 0.54748374, 0.5473823, 0.5476867, 0.54748374, 0.5473823, 0.5476867, 0.54748374, 0.54748374, 0.54728085, 0.54758525, 0.54748374, 0.5473823, 0.5476867, 0.5473823, 0.5476867, 0.54758525, 0.5473823, 0.54748374, 0.54748374, 0.5476867, 0.5476867, 0.54748374, 0.5473823, 0.54758525, 0.54728085, 0.54758525, 0.54748374, 0.54748374, 0.54758525, 0.5476867, 0.54748374, 0.54748374, 0.54748374, 0.54758525, 0.54748374, 0.5473823, 0.5476867, 0.54778814, 0.5473823, 0.54748374, 0.5473823, 0.54758525, 0.5473823, 0.54758525, 0.54758525]
valid_acc = [0.5246711, 0.52425987, 0.5275493, 0.52261513, 0.5275493, 0.5234375, 0.5180921, 0.5271382, 0.52014804, 0.5275493, 0.52508223, 0.52672696, 0.5246711, 0.51768094, 0.53577304, 0.5263158, 0.515625, 0.5337171, 0.52919406, 0.52179277, 0.53289473, 0.52549344, 0.5209704, 0.52508223, 0.5185033, 0.5246711, 0.52796054, 0.5271382, 0.51644737, 0.5263158, 0.52549344, 0.53700656, 0.52261513, 0.5263158, 0.5197368, 0.5230263, 0.5230263, 0.5263158, 0.52549344, 0.5246711, 0.51891446, 0.5308388, 0.5271382, 0.52014804, 0.52014804, 0.52919406, 0.5238487, 0.52919406, 0.5209704, 0.53042763]
train_loss = [6.897866481310361, 6.938539573124477, 6.941651022279418, 6.938539523582954, 6.940095232678698, 6.938539508101228, 6.940095283768394, 6.935428117776846, 6.938539535968335, 6.940095245064079, 6.935428046560907, 6.938539511197574, 6.9385394957158475, 6.941650951063478, 6.936983802101829, 6.938539498812192, 6.94009526364215, 6.935428089909739, 6.940095245064079, 6.935428083717049, 6.936983817583554, 6.940095260545805, 6.938539520486609, 6.938539548353716, 6.9354280930060845, 6.935428052753597, 6.9385395173902635, 6.94009526364215, 6.936983836161626, 6.941650975834239, 6.936983786620103, 6.938539548353716, 6.938539566931786, 6.936983829968936, 6.93542810229512, 6.938539570028132, 6.938539501908537, 6.938539505004883, 6.936983805198174, 6.938539529775644, 6.940095241967734, 6.935428077524358, 6.933872352946889, 6.94009526364215, 6.938539548353716, 6.940095245064079, 6.936983799005484, 6.940095234226871, 6.936983805198174, 6.936983836161626]
valid_loss = [7.288332361924021, 7.294637190668206, 7.244198761488262, 7.319856141742907, 7.244198774036608, 7.307246647383037, 7.389208868930214, 7.250503590232448, 7.35768491343448, 7.244198811681647, 7.282027533179836, 7.256808343686555, 7.288332274085597, 7.395513622384322, 7.11810312773052, 7.263113172430741, 7.427037628073442, 7.149627007936177, 7.2189796221883675, 7.332465774134586, 7.162236602682817, 7.275722691887303, 7.345075469267996, 7.282027470438104, 7.3829041029277604, 7.288332248988905, 7.237894070775885, 7.2505035400390625, 7.414427983133416, 7.263113147334049, 7.275722792274074, 7.099188716788041, 7.319856217032985, 7.263113122237356, 7.363989641791896, 7.313551425933838, 7.313551501223915, 7.263113159882395, 7.275722767177381, 7.288332336827328, 7.376599349473652, 7.193760558178551, 7.250503652974179, 7.357684850692749, 7.357684988724558, 7.218979597091675, 7.300941868832237, 7.218979659833406, 7.345075368881226, 7.200065361826043]
Score
Loss test 7.111798298986335
Acc test 0.5236486