train_acc = [0.5503583, 0.61584395, 0.6289809, 0.6266919, 0.67257166, 0.68182725, 0.67177546, 0.6887938, 0.67466164, 0.69894505, 0.70939493, 0.7056131, 0.703125, 0.71039015, 0.7106887, 0.6899881, 0.7181529, 0.72979695, 0.7107882, 0.7249204, 0.7131767, 0.7324841, 0.72153664, 0.7424363, 0.71984476, 0.7173567, 0.7407444, 0.7475119, 0.7318869, 0.7353702, 0.7374602, 0.75029856, 0.7407444, 0.74134153, 0.72810507, 0.75159234, 0.74044585, 0.732285, 0.73586786, 0.74840766, 0.73596734, 0.7415406, 0.754379, 0.7588575, 0.7440287, 0.750199, 0.7191481, 0.7647293, 0.7440287, 0.7407444]
valid_acc = [0.5416667, 0.66947114, 0.68790066, 0.6891026, 0.6738782, 0.65865386, 0.681891, 0.7015224, 0.6991186, 0.65544873, 0.70592946, 0.66586536, 0.58934295, 0.7255609, 0.60977566, 0.6338141, 0.68990386, 0.71955127, 0.62419873, 0.71153843, 0.6422276, 0.7151442, 0.65705127, 0.72636217, 0.6858974, 0.6979167, 0.74238783, 0.72596157, 0.6594551, 0.6706731, 0.67628205, 0.7151442, 0.7467949, 0.63100964, 0.73517627, 0.73517627, 0.71955127, 0.7355769, 0.7227564, 0.7295673, 0.72596157, 0.7411859, 0.7219551, 0.7391827, 0.728766, 0.7463942, 0.66586536, 0.70552886, 0.7363782, 0.7071314]
train_loss = [0.7620338311620579, 0.6586354936763739, 0.6397101769022121, 0.6630075061397188, 0.6032245867191606, 0.5970460159383761, 0.5985754213895008, 0.5797177896757794, 0.6018405159947219, 0.5756784508562391, 0.558991718633919, 0.5613168679225217, 0.5670795915233102, 0.5588832862058263, 0.5547113371123175, 0.5875890494152239, 0.5479994074554201, 0.5332326370819359, 0.5624165202781652, 0.5439180714689242, 0.554596294832837, 0.5312480298197193, 0.5463242826947741, 0.5231855164287956, 0.5539399565784795, 0.5604254185773765, 0.5276193087268027, 0.5176609794425356, 0.5357986458927203, 0.5322395940874792, 0.5265795151898816, 0.5131615863484182, 0.5218445298018729, 0.5220271483728081, 0.5376061762973761, 0.5101732928661784, 0.5238902248015069, 0.5345435271597212, 0.5269535928015496, 0.512939822901586, 0.5364438735755386, 0.5181387243377176, 0.5022876467674401, 0.49946532412699074, 0.5165026068307792, 0.512752943547668, 0.5610837228358931, 0.4903247472207258, 0.5245643985119595, 0.521739778624978]
valid_loss = [0.7527284224828085, 0.6215057892677112, 0.5986957381933163, 0.5920667816431094, 0.6065591619564936, 0.6152248031053787, 0.597963768702287, 0.5660814398374313, 0.5821619553443713, 0.6196694725599045, 0.564556686541973, 0.6049625812432705, 0.7179444875472631, 0.5493679711451898, 0.705541043709486, 0.6718083115724417, 0.5808094449532337, 0.5472527941068014, 0.7129357701692826, 0.5504467410918994, 0.6630987028280894, 0.5587676182771341, 0.6418557831874261, 0.5446331386382763, 0.6011731899701632, 0.589571305574515, 0.5162303348382314, 0.5358719565929511, 0.6428271684891138, 0.6341456984862303, 0.6153263923449394, 0.5611529166881855, 0.512012548171557, 0.7024877973091908, 0.5278694132963816, 0.5232937855598254, 0.5533170638940274, 0.5230787862569858, 0.5483536903674786, 0.5423182455392984, 0.5506227620137043, 0.5177626678576837, 0.5434910181241158, 0.5151346478706751, 0.5283922644761893, 0.5076731107173822, 0.6678611895976923, 0.5978733362295688, 0.5240146716435751, 0.5761196758502569]
Score
Loss test 0
Acc test 0


