train_acc = [0.4564732, 0.45535713, 0.45535713, 0.4554586, 0.4554586, 0.4554586, 0.4554586, 0.45556006, 0.4552557, 0.45535713, 0.45556006, 0.4554586, 0.45556006, 0.4552557, 0.45535713, 0.45556006, 0.45556006, 0.4554586, 0.4554586, 0.45556006, 0.45535713, 0.45535713, 0.4554586, 0.45535713, 0.45535713, 0.45535713, 0.45535713, 0.4552557, 0.45556006, 0.45535713, 0.45535713, 0.45556006, 0.4554586, 0.45535713, 0.45535713, 0.45535713, 0.45535713, 0.4554586, 0.4554586, 0.45535713, 0.4554586, 0.4554586, 0.45535713, 0.4554586, 0.45535713, 0.45556006, 0.4554586, 0.45535713, 0.45535713, 0.45535713]
valid_acc = [0.46381578, 0.4666941, 0.46422696, 0.46422696, 0.4609375, 0.46463814, 0.47162828, 0.4584704, 0.46052632, 0.46504936, 0.4584704, 0.4629934, 0.47327304, 0.4588816, 0.47491777, 0.4555921, 0.46546054, 0.46258223, 0.45024672, 0.4790296, 0.46052632, 0.46957237, 0.45805922, 0.4551809, 0.4786184, 0.46504936, 0.46875, 0.45805922, 0.47203946, 0.45929277, 0.46875, 0.4584704, 0.45929277, 0.47203946, 0.46258223, 0.46463814, 0.4634046, 0.46381578, 0.46381578, 0.46422696, 0.46217105, 0.46546054, 0.4662829, 0.4634046, 0.453125, 0.46792763, 0.46833882, 0.4506579, 0.47738487, 0.4555921]
train_loss = [8.347587202276502, 8.401088036500015, 8.401088014825598, 8.399523032176031, 8.399522923803948, 8.399522979538162, 8.399522914514913, 8.397957947347072, 8.402653112039937, 8.401088042692704, 8.397957919479964, 8.399522988827197, 8.397957882323823, 8.402653068691105, 8.401088024114634, 8.397957944250726, 8.39795798759956, 8.399522939285674, 8.3995229547674, 8.397957919479964, 8.401087996247528, 8.401088024114634, 8.399522892840498, 8.401088014825598, 8.401087990054837, 8.40108805198174, 8.401087990054837, 8.40265306559476, 8.397957910190929, 8.401088027210978, 8.401087999343872, 8.397957984503213, 8.399522967152782, 8.40108805817443, 8.401088033403669, 8.401088002440217, 8.401087980765801, 8.399523016694305, 8.399522998116232, 8.401087990054837, 8.399522988827197, 8.399523001212579, 8.401087971476766, 8.399522902129533, 8.401088021018289, 8.397957978310522, 8.399522976441817, 8.401088011729254, 8.40108804578905, 8.401087993151181]
valid_loss = [8.270613720542507, 8.226216378964876, 8.264271347146286, 8.264271447533055, 8.315011262893677, 8.257928911008333, 8.150106455150404, 8.353066193430047, 8.321353824515091, 8.25158631174188, 8.353066231075086, 8.283298781043605, 8.124736434534976, 8.34672384513052, 8.099366388822856, 8.397463785974603, 8.245243825410542, 8.289641367761712, 8.479916095733643, 8.035941512961136, 8.321353749225015, 8.181818899355436, 8.359408867986579, 8.403806284854287, 8.042283986744128, 8.25158627409684, 8.194503821824727, 8.35940872995477, 8.143763793142218, 8.340381258412412, 8.194503872018112, 8.3530661808817, 8.340381321154142, 8.143763868432297, 8.28964130501998, 8.257928860814948, 8.276956332357306, 8.270613871122661, 8.270613795832583, 8.2642712969529, 8.295983690964547, 8.245243837958888, 8.23255873981275, 8.276956370002345, 8.435518716510973, 8.207188894874172, 8.200846333252755, 8.473573621950651, 8.06131144573814, 8.397463748329564]
Score
Loss test 8.093023927588211
Acc test 0.46114865