train_acc = [0.5445414, 0.5445414, 0.5444399, 0.5444399, 0.5444399, 0.5444399, 0.5445414, 0.5444399, 0.5447443, 0.5444399, 0.54464287, 0.5447443, 0.54464287, 0.54464287, 0.5445414, 0.54464287, 0.5444399, 0.54464287, 0.54433846, 0.5445414, 0.5444399, 0.54464287, 0.5445414, 0.5444399, 0.5447443, 0.5445414, 0.5444399, 0.54464287, 0.54433846, 0.54464287, 0.5444399, 0.5445414, 0.54464287, 0.5444399, 0.5447443, 0.5444399, 0.5444399, 0.5444399, 0.5444399, 0.54464287, 0.5445414, 0.54464287, 0.5445414, 0.54464287, 0.5445414, 0.54464287, 0.5445414, 0.5447443, 0.5445414, 0.5447443]
valid_acc = [0.53741777, 0.53700656, 0.52960527, 0.5402961, 0.5390625, 0.5361842, 0.54070723, 0.52919406, 0.5431743, 0.53289473, 0.5394737, 0.53042763, 0.54111844, 0.53207237, 0.54358554, 0.5308388, 0.52960527, 0.5394737, 0.5349507, 0.52960527, 0.5427632, 0.53042763, 0.53988487, 0.5390625, 0.53700656, 0.5308388, 0.5419408, 0.5222039, 0.54605263, 0.53700656, 0.5341283, 0.54070723, 0.5337171, 0.5341283, 0.53988487, 0.53207237, 0.5341283, 0.53700656, 0.5378289, 0.5337171, 0.53700656, 0.5415296, 0.53330594, 0.5361842, 0.53741777, 0.5341283, 0.5394737, 0.5316612, 0.5386513, 0.53330594]
train_loss = [6.949157454750755, 6.983655598256495, 6.985211325930311, 6.985211291870513, 6.985211282581478, 6.98521131354493, 6.983655579678424, 6.985211325930311, 6.980544136716174, 6.985211332123001, 6.982099839619228, 6.980544124330793, 6.982099879871715, 6.982099867486334, 6.983655564196698, 6.982099833426537, 6.985211304255894, 6.982099861293644, 6.986767050507781, 6.983655607545531, 6.985211301159549, 6.982099830330192, 6.98365559516015, 6.985211298063204, 6.980544173872316, 6.983655558004008, 6.985211276388788, 6.9820998055594305, 6.9867670381224, 6.982099861293644, 6.985211322833965, 6.983655592063805, 6.98209986438999, 6.985211322833965, 6.980544155294245, 6.985211276388788, 6.985211329026655, 6.985211288774169, 6.985211329026655, 6.98209987677537, 6.983655592063805, 6.982099842715573, 6.983655567293043, 6.982099855100953, 6.983655561100353, 6.982099852004609, 6.983655626123602, 6.980544167679626, 6.983655588967459, 6.980544133619829]
valid_loss = [7.0928839758822795, 7.099188741884734, 7.212674893830952, 7.048750526026676, 7.067664761292307, 7.111798273889642, 7.042445684734144, 7.21897964728506, 7.004616975784302, 7.162236577586124, 7.061360007838199, 7.200065349277697, 7.0361409563767285, 7.17484618488111, 6.998312172136809, 7.1937604828884725, 7.2126749063792985, 7.061359995289853, 7.130712584445351, 7.212674856185913, 7.01092172923841, 7.2000652363425806, 7.055055304577476, 7.067664761292307, 7.0991886916913485, 7.193760520533512, 7.023531349081742, 7.3261609453904, 6.960483463186967, 7.099188654046309, 7.143322254482069, 7.0424456721857975, 7.149627058129561, 7.143322279578761, 7.055055279480784, 7.17484618488111, 7.143322241933722, 7.099188754433079, 7.086579122041401, 7.149627007936177, 7.099188779529772, 7.029836165277581, 7.15593177393863, 7.111798286437988, 7.092883925688894, 7.143322254482069, 7.06135997019316, 7.181150975980256, 7.0739695649398, 7.155931886873748]
Score
Loss test 6.897435476905422
Acc test 0.5380068