train_acc = [0.52080303, 0.5275254, 0.5221657, 0.5479651, 0.54051596, 0.55859375, 0.5511446, 0.5634993, 0.5545058, 0.5599564, 0.56994915, 0.5744004, 0.5755814, 0.5792151, 0.59792876, 0.5950218, 0.58666426, 0.5947493, 0.5935683, 0.5986555, 0.5912064, 0.6056504, 0.6110102, 0.62082124, 0.614008, 0.62163883, 0.61373544, 0.6107376, 0.5991097, 0.61546147, 0.5972929, 0.6230923, 0.6307231, 0.6048328, 0.6173692, 0.6080124, 0.6302689, 0.633085, 0.61982197, 0.63163155, 0.62763447, 0.6351744, 0.61282706, 0.6240007, 0.62781614, 0.6248183, 0.6353561, 0.6288154, 0.62590843, 0.63017803]
valid_acc = [0.44176137, 0.57670456, 0.4815341, 0.46022728, 0.5426136, 0.5525568, 0.62642044, 0.56534094, 0.57670456, 0.5099432, 0.64204544, 0.6292614, 0.56960225, 0.6036932, 0.63920456, 0.42897728, 0.59090906, 0.5994318, 0.46022728, 0.61221594, 0.6519886, 0.63920456, 0.63920456, 0.6292614, 0.59517044, 0.65625, 0.64772725, 0.6676136, 0.6363636, 0.65482956, 0.62357956, 0.6661932, 0.6306818, 0.64772725, 0.64914775, 0.5994318, 0.59517044, 0.6207386, 0.62784094, 0.6292614, 0.6193182, 0.6036932, 0.5880682, 0.6193182, 0.65340906, 0.64204544, 0.65482956, 0.609375, 0.5823864, 0.66335225]
train_loss = [0.6973820238612419, 0.6968061664076739, 0.6992267415274022, 0.6888714332220166, 0.6877914760694948, 0.6863668308008549, 0.6863379204689071, 0.6808200610238452, 0.6838385303353154, 0.6841827021088711, 0.6796482718268106, 0.6770641973545385, 0.6795095700857251, 0.6747775971889496, 0.6674390598091968, 0.6667229803495629, 0.670061050459396, 0.6673168692477914, 0.6678235513526339, 0.6645794645991436, 0.6763328920270122, 0.6611448619947877, 0.6573730443799218, 0.6544610050528549, 0.6549357976331267, 0.651291916883269, 0.6563028187252754, 0.6561848760344261, 0.6630479890939801, 0.6561272251744603, 0.6615559278532516, 0.6495086990816649, 0.6483694699614547, 0.6590876572353895, 0.6517173384511193, 0.6548150140185689, 0.6447742068490316, 0.6432468697082164, 0.6516906490852666, 0.6453136039334674, 0.6446270811003308, 0.6431688139604967, 0.6513390821772952, 0.6436594135539476, 0.6445691346429115, 0.6457550799430802, 0.6406397802192111, 0.6424771405236666, 0.6433668441550676, 0.6400810147440711]
valid_loss = [0.7017429796132174, 0.6786991899663751, 0.6943290287798102, 0.699579574845054, 0.6814913045276295, 0.6878625317053362, 0.6684119484641335, 0.7363020506772128, 0.6791147914799777, 0.6871001666242426, 0.6599578965793956, 0.6662451570684259, 0.6763321269642223, 0.6712147701870311, 0.6556908596645702, 0.7405390956185081, 0.6545843915505842, 0.6671786254102533, 0.7250182249329307, 0.6676073345271024, 0.6540449044921182, 0.6502997441725298, 0.6498135111548684, 0.6450433785265143, 0.6543260270898993, 0.6451059092174877, 0.6538766839287498, 0.6496947570280596, 0.6429600715637207, 0.6428864869204435, 0.6531614552844655, 0.6422540870579806, 0.6376628333872015, 0.6459430998021906, 0.6459505991502241, 0.6432329958135431, 0.6454991698265076, 0.6293075193058361, 0.6519524617628618, 0.6349698305130005, 0.6351894573731856, 0.6392847028645602, 0.6612810329957441, 0.6513906988230619, 0.6307835253802213, 0.6335309689695184, 0.631706953048706, 0.6283535957336426, 0.6546114737337286, 0.6234392307021401]
Score
Loss test 0.561098555723826
Acc test 0.66015625