train_acc = [0.45829952, 0.45799512, 0.45829952, 0.45829952, 0.45819804, 0.4580966, 0.45829952, 0.45829952, 0.45799512, 0.45829952, 0.4580966, 0.45819804, 0.45829952, 0.45840096, 0.45819804, 0.4580966, 0.45819804, 0.4580966, 0.4580966, 0.45819804, 0.45799512, 0.45829952, 0.45819804, 0.4580966, 0.45799512, 0.45829952, 0.45819804, 0.45799512, 0.4580966, 0.45799512, 0.4580966, 0.45829952, 0.4580966, 0.45829952, 0.45829952, 0.45819804, 0.45799512, 0.45829952, 0.4580966, 0.4580966, 0.4580966, 0.45819804, 0.45819804, 0.45829952, 0.45819804, 0.45819804, 0.45819804, 0.4580966, 0.4580966, 0.45829952]
valid_acc = [0.45189145, 0.45024672, 0.4588816, 0.45271382, 0.45394737, 0.44983554, 0.45353618, 0.45148027, 0.4588816, 0.45394737, 0.43791118, 0.46751645, 0.45148027, 0.46134868, 0.44983554, 0.4354441, 0.45929277, 0.45394737, 0.4510691, 0.4510691, 0.45353618, 0.44860196, 0.44901314, 0.45148027, 0.4584704, 0.4473684, 0.46792763, 0.44366777, 0.45929277, 0.4350329, 0.46710527, 0.4453125, 0.45148027, 0.4555921, 0.44819078, 0.45641446, 0.4510691, 0.4551809, 0.453125, 0.45435855, 0.45600328, 0.44819078, 0.45230263, 0.4555921, 0.46175987, 0.45271382, 0.44942436, 0.4584704, 0.45189145, 0.4551809]
train_loss = [8.311781604955723, 8.360397187146274, 8.355702084380312, 8.355702093669347, 8.357267135149472, 8.358832170436909, 8.355702152499905, 8.355702102958382, 8.360397199531654, 8.355702102958382, 8.358832173533253, 8.357267159920234, 8.355702115343762, 8.354137045996529, 8.357267138245819, 8.358832164244218, 8.35726716301658, 8.35883218901498, 8.358832179725944, 8.357267128956781, 8.360397193338963, 8.355702149403559, 8.357267166112925, 8.358832170436909, 8.36039722739876, 8.355702075091274, 8.357267150631198, 8.360397180953584, 8.358832139473456, 8.360397168568202, 8.358832170436909, 8.355702087476656, 8.358832164244218, 8.355702068898585, 8.355702062705895, 8.357267116571402, 8.360397224302416, 8.355702075091274, 8.358832161147873, 8.358832173533253, 8.358832130184421, 8.35726717540196, 8.357267166112925, 8.355702084380312, 8.357267107282366, 8.357267125860437, 8.357267116571402, 8.358832154955183, 8.358832133280767, 8.35570214321087]
valid_loss = [8.454546112763254, 8.47991620866876, 8.346723757292095, 8.441861190293965, 8.422833756396646, 8.486258707548442, 8.429176205082944, 8.460888712029709, 8.346723820033827, 8.422833656009875, 8.67019099938242, 8.213531318463778, 8.460888737126401, 8.308668764013992, 8.48625868245175, 8.708245980112176, 8.340381208219027, 8.4228337438483, 8.467231198361045, 8.467231261102777, 8.429176192534598, 8.505286091252378, 8.498943680211118, 8.460888699481362, 8.353066205978394, 8.524313725923237, 8.20718883213244, 8.581395989970156, 8.34038123331572, 8.714588441346821, 8.219873880085192, 8.55602613248323, 8.460888762223092, 8.397463660491141, 8.511628577583714, 8.38477873802185, 8.467231135619315, 8.403806146822477, 8.435518616124204, 8.4164911320335, 8.391121249449881, 8.511628665422139, 8.44820371427034, 8.397463660491141, 8.30232632787604, 8.441861177745619, 8.49260119387978, 8.353066256171779, 8.454546087666563, 8.40380627230594]
Score
Loss test 8.213531381205508
Acc test 0.453125