train_acc = [0.5650436, 0.6796875, 0.7679869, 0.80641353, 0.86328125, 0.8737282, 0.89180595, 0.9075218, 0.91669697, 0.932867, 0.9364099, 0.9380451, 0.9448583, 0.95730376, 0.95893896, 0.9650254, 0.9681141, 0.9827398, 0.9805596, 0.9811955, 0.9854651, 0.9883721, 0.9822856, 0.9738372, 0.9949128, 0.9989099, 0.9972747, 0.99990916, 1.0, 1.0, 1.0, 1.0, 1.0, 1.0, 1.0, 1.0, 1.0, 1.0, 1.0, 1.0, 1.0, 1.0, 1.0, 1.0, 1.0, 1.0, 1.0, 1.0, 1.0, 1.0]
valid_acc = [0.62215906, 0.7698864, 0.703125, 0.8238636, 0.86221594, 0.85653406, 0.86647725, 0.86647725, 0.85653406, 0.79545456, 0.80539775, 0.890625, 0.89772725, 0.890625, 0.9176136, 0.90482956, 0.8963068, 0.91903406, 0.90625, 0.9005682, 0.91335225, 0.88778406, 0.9176136, 0.9161932, 0.9105114, 0.9119318, 0.9105114, 0.9261364, 0.90482956, 0.91335225, 0.92045456, 0.91903406, 0.91335225, 0.9119318, 0.91477275, 0.9119318, 0.921875, 0.9161932, 0.91335225, 0.921875, 0.9019886, 0.92329544, 0.90340906, 0.91903406, 0.9176136, 0.9161932, 0.9119318, 0.9176136, 0.9176136, 0.9161932]
train_loss = [0.6795759005255477, 0.5910152795529643, 0.48171825187150824, 0.41938873367427393, 0.31913435201398854, 0.2912129501833819, 0.26145521643419944, 0.22386030236605642, 0.20564843248575926, 0.17412276447988873, 0.16117078342020166, 0.15076007496370653, 0.1396171466317461, 0.10914378807349347, 0.10348798947132648, 0.08752186814063163, 0.08258024455240365, 0.05017418001147615, 0.05240962126185349, 0.048891756709984524, 0.04347224757505099, 0.03299208160684049, 0.049569843446925214, 0.07210917047928507, 0.01887886113476016, 0.006273040067431201, 0.008145474902501646, 0.0016019877766772223, 0.0005547133274418695, 0.0003612460327081693, 0.0002775095383534536, 0.00023863745581746666, 0.0002021500779451714, 0.00017904872313042583, 0.00016456282721957568, 0.00014976369366353917, 0.0001368492775807332, 0.00012838382388496864, 0.00012148332982527537, 0.00011185823655729786, 0.00010571092454700531, 0.00010004650507560887, 9.408497859511911e-05, 8.887791267761448e-05, 8.567007610503593e-05, 8.125674377871545e-05, 7.810332054735988e-05, 7.491697124747631e-05, 7.213290810137699e-05, 6.920617835876698e-05]
valid_loss = [0.6451754651286385, 0.4808611368591135, 0.6068613610484384, 0.4277023036371578, 0.3113138404759494, 0.3253300061280077, 0.31491686403751373, 0.29613728482614865, 0.3330481824549762, 0.5043174983425573, 0.5163075754588301, 0.2341687178069895, 0.2849240722981366, 0.2758970352059061, 0.21305112726986408, 0.23669013984247364, 0.26012106984853745, 0.2110020001842217, 0.259028389880603, 0.27868130582977424, 0.28256121709604154, 0.3689763671295209, 0.26095261644910683, 0.256795590066097, 0.3133818380195986, 0.32696024946529756, 0.37590665505691007, 0.32718418030576274, 0.39397283423353324, 0.40638468372212216, 0.32886978577483783, 0.381324459920341, 0.3753879740834236, 0.4514335206794468, 0.40578378178179264, 0.39757306467403064, 0.3565369405868379, 0.4095391749658368, 0.42159434516956523, 0.3130246368448504, 0.4938055943103708, 0.39808577146719804, 0.44966471127488394, 0.39574890795417805, 0.39843904853544454, 0.4047404658102261, 0.4415005367587913, 0.4124054984951561, 0.39734782701866195, 0.36501866921951825]
Score
Loss test 0.3400124967512157
Acc test 0.9264706