train_acc = [0.5356123, 0.5419575, 0.5523477, 0.56242067, 0.54187816, 0.54187816, 0.541085, 0.54187816, 0.54441625, 0.6131028, 0.68980014, 0.7301713, 0.7785533, 0.54179883, 0.54179883, 0.54179883, 0.54179883, 0.54179883, 0.54179883, 0.5419575, 0.54187816, 0.54187816, 0.54179883, 0.54179883, 0.54187816, 0.54179883, 0.54187816, 0.54187816, 0.54179883, 0.54187816, 0.54179883, 0.54179883, 0.54187816, 0.54187816, 0.54179883, 0.5419575, 0.54179883, 0.54187816, 0.54187816, 0.54171956, 0.54171956, 0.54179883, 0.54187816, 0.54171956, 0.54187816, 0.54187816, 0.54179883, 0.54179883, 0.54171956, 0.5419575]
valid_acc = [0.56380206, 0.56640625, 0.48958334, 0.55598956, 0.57421875, 0.5651042, 0.5651042, 0.55078125, 0.58463544, 0.6875, 0.76692706, 0.69401044, 0.5651042, 0.5546875, 0.57421875, 0.5494792, 0.56640625, 0.5651042, 0.55598956, 0.53776044, 0.5625, 0.5833333, 0.5442708, 0.55078125, 0.55338544, 0.54557294, 0.56380206, 0.57682294, 0.54036456, 0.58203125, 0.54817706, 0.5494792, 0.5625, 0.5598958, 0.5572917, 0.5651042, 0.5598958, 0.578125, 0.5677083, 0.55078125, 0.5546875, 0.56119794, 0.5598958, 0.5677083, 0.546875, 0.56380206, 0.5677083, 0.5520833, 0.57161456, 0.5572917]
train_loss = [0.6934971736772412, 0.68932382195129, 0.6837787455713689, 0.675033009294326, 0.6897510193326146, 0.6897804842987642, 0.6899069568832513, 0.6898404272074626, 0.6892451441227482, 0.6678657465174719, 0.6058096881142727, 0.5504295304039408, 1.1254314312021139, 7.0257075813216, 7.025707578901107, 7.025707607947025, 7.025707586162587, 7.0257075837420935, 7.025707549855189, 7.023275288228456, 7.024491421462316, 7.02449145534922, 7.025707578901107, 7.0257075813216, 7.024491457769713, 7.025707636992943, 7.024491435985275, 7.024491435985275, 7.025707571639628, 7.024491457769713, 7.025707591003573, 7.025707621259738, 7.024491426303302, 7.024491419041823, 7.025707576480614, 7.023275297910429, 7.025707591003573, 7.024491399677877, 7.024491433564782, 7.02692376054483, 7.026923743601378, 7.025707595844559, 7.0244914311442885, 7.026923736339898, 7.0244914311442885, 7.024491433564782, 7.025707598265052, 7.025707609157272, 7.026923733919405, 7.023275297910429]
valid_loss = [0.6889510999123255, 0.6816123028596243, 0.6934738804896673, 0.6879231433073679, 0.6844802349805832, 0.6854235629240671, 0.6853459378083547, 0.6881029705206553, 0.6840178916851679, 0.6296527882417043, 0.5181970645984014, 0.6157237067818642, 6.6683617035547895, 6.828083078066508, 6.528605580329895, 6.907943646113078, 6.648396611213684, 6.668361743291219, 6.808117787043254, 7.087629914283752, 6.708292007446289, 6.388849536577861, 6.987804293632507, 6.887978355089824, 6.848047971725464, 6.967838962872823, 6.688326954841614, 6.4886752764383955, 7.047699610392253, 6.408814628918965, 6.927908817927043, 6.907943487167358, 6.708292047182719, 6.748222390810649, 6.788152615229289, 6.668361822764079, 6.748222351074219, 6.46871018409729, 6.628431399663289, 6.887978434562683, 6.828083038330078, 6.728257179260254, 6.748222470283508, 6.628431479136149, 6.947873989741008, 6.688326835632324, 6.628431439399719, 6.868013302485148, 6.568535963694255, 6.788152694702148]
Score
Loss test 6.468710104624431
Acc test 0.5253906