train_acc = [0.5418019, 0.54210633, 0.5417005, 0.54190344, 0.5418019, 0.5418019, 0.54210633, 0.5418019, 0.5418019, 0.5420049, 0.5418019, 0.5420049, 0.5420049, 0.5420049, 0.54190344, 0.54159904, 0.5417005, 0.5420049, 0.5418019, 0.54190344, 0.5418019, 0.54190344, 0.5420049, 0.5418019, 0.5418019, 0.5418019, 0.54190344, 0.5418019, 0.5418019, 0.5418019, 0.54190344, 0.5420049, 0.5417005, 0.5417005, 0.54159904, 0.5420049, 0.5418019, 0.5417005, 0.54159904, 0.54210633, 0.5417005, 0.5417005, 0.54159904, 0.5420049, 0.5417005, 0.5418019, 0.5418019, 0.5417005, 0.54190344, 0.5417005]
valid_acc = [0.54769737, 0.55304277, 0.54235196, 0.5390625, 0.5509868, 0.5431743, 0.5625, 0.53741777, 0.546875, 0.5431743, 0.55139804, 0.54851973, 0.55139804, 0.53700656, 0.5415296, 0.56167763, 0.5431743, 0.5571546, 0.54070723, 0.5464638, 0.5505757, 0.54481906, 0.55550987, 0.54111844, 0.5415296, 0.5518092, 0.5493421, 0.54111844, 0.54893094, 0.5546875, 0.5402961, 0.55674344, 0.546875, 0.5378289, 0.55386513, 0.5522204, 0.5378289, 0.5481086, 0.5472862, 0.5464638, 0.546875, 0.5518092, 0.5402961, 0.5493421, 0.54893094, 0.5481086, 0.5481086, 0.53700656, 0.5542763, 0.55633223]
train_loss = [6.9927173589731195, 7.020993003597507, 7.027215917389114, 7.024104452752447, 7.025660195907989, 7.02566021448606, 7.020993006693852, 7.02566022067875, 7.025660195907989, 7.02254876533112, 7.025660205197025, 7.02254876533112, 7.0225487560420845, 7.022548802487262, 7.024104465137828, 7.02877164506293, 7.027215951448911, 7.022548787005536, 7.025660236160476, 7.024104468234174, 7.025660186618953, 7.024104462041484, 7.02254876533112, 7.025660174233573, 7.0256602082933695, 7.025660168040883, 7.0241044837159, 7.0256602082933695, 7.025660177329918, 7.025660186618953, 7.0241044837159, 7.022548752945739, 7.027215912744596, 7.02721593906353, 7.028771663641001, 7.022548746753048, 7.0256602671239285, 7.027215957641602, 7.028771679122727, 7.0209930005011625, 7.027215923581805, 7.027215905003733, 7.028771682219072, 7.022548743656704, 7.027215948352566, 7.025660217582406, 7.025660205197025, 7.027215908100079, 7.024104474426864, 7.0272159359671855]
valid_loss = [6.935264336435418, 6.853302077243202, 7.017226633272673, 7.067664811485692, 6.884826070383975, 7.004616950687609, 6.708291944704558, 7.092883963333933, 6.947873931182058, 7.004616925590916, 6.878521203994751, 6.922654729140432, 6.87852134202656, 7.0991887920781185, 7.029836089987504, 6.72090156454789, 7.0046170008809945, 6.790254228993466, 7.04244569728249, 6.954178634442781, 6.8911308238380835, 6.979397849032753, 6.8154733808417065, 7.036140868538304, 7.029836039794119, 6.872216463088989, 6.910045184587178, 7.036140843441612, 6.916349900396247, 6.828083013233385, 7.048750425639906, 6.796559020092613, 6.9478738433436344, 7.086579172234786, 6.840692501319082, 6.865911709634881, 7.086579184783132, 6.928959520239579, 6.941569089889526, 6.954178634442781, 6.947873818246942, 6.872216463088989, 7.048750438188252, 6.910045159490485, 6.9163499254929395, 6.928959470046194, 6.928959470046194, 7.099188729336388, 6.83438777923584, 6.802863786095067]
Score
Loss test 6.752425545140317
Acc test 0.5477196