train_acc = [0.5460574, 0.63699126, 0.6081032, 0.71647894, 0.7941497, 0.8432049, 0.8712754, 0.8919876, 0.9011628, 0.9199673, 0.9224201, 0.9379542, 0.94458574, 0.95030886, 0.9611192, 0.9634811, 0.96375364, 0.96693313, 0.97483647, 0.9665698, 0.9801054, 0.98255813, 0.98591936, 0.9830124, 0.99582124, 0.99500364, 0.9995458, 1.0, 1.0, 1.0, 1.0, 1.0, 1.0, 1.0, 1.0, 1.0, 1.0, 1.0, 1.0, 1.0, 1.0, 1.0, 1.0, 1.0, 1.0, 1.0, 1.0, 1.0, 1.0, 1.0]
valid_acc = [0.5880682, 0.6676136, 0.56107956, 0.7755682, 0.8025568, 0.8693182, 0.75142044, 0.88352275, 0.81960225, 0.89204544, 0.89772725, 0.87642044, 0.8650568, 0.89772725, 0.9005682, 0.91477275, 0.875, 0.89914775, 0.90625, 0.89346594, 0.91477275, 0.90340906, 0.89914775, 0.8963068, 0.9005682, 0.9119318, 0.91477275, 0.92045456, 0.91335225, 0.90909094, 0.92897725, 0.8948864, 0.921875, 0.91335225, 0.90767044, 0.921875, 0.9105114, 0.90909094, 0.9119318, 0.91477275, 0.90767044, 0.91477275, 0.9119318, 0.9105114, 0.9119318, 0.9176136, 0.90767044, 0.91335225, 0.9019886, 0.92471594]
train_loss = [0.6869611480208331, 0.6389698435574077, 0.6412087074199389, 0.541631166844867, 0.43511456090870293, 0.3575296720359908, 0.3013962067577035, 0.259119467701503, 0.23887303262559134, 0.2024559378515669, 0.19109800597652793, 0.15470940111269957, 0.13937245588749647, 0.1314681080538173, 0.10516383066004532, 0.09834917932667575, 0.09237113344580541, 0.08296118683160045, 0.06663958570543611, 0.08475749695275607, 0.0531213375127896, 0.047340012151073814, 0.0384719440070364, 0.04382193162551672, 0.015107689792319773, 0.016079669551461763, 0.002739568324138185, 0.0006953889882276789, 0.0004085750061666087, 0.0003270881445534415, 0.00025946053616217096, 0.0002278263469504562, 0.00019851631456604504, 0.00017704946588463467, 0.00015980164179445425, 0.00014774460528120116, 0.00013504234634320857, 0.00012696392485556614, 0.00011783010774669106, 0.00011094017056297067, 0.00010357520363339613, 9.843469133444572e-05, 9.309859462894375e-05, 8.932643617713386e-05, 8.44839236964522e-05, 8.057876734750247e-05, 7.723772475188515e-05, 7.40994024042152e-05, 7.152484838035286e-05, 6.825396955393846e-05]
valid_loss = [0.658021940426393, 0.5929159359498457, 0.6808367967605591, 0.46700298108837823, 0.4366521063176068, 0.31714611229571427, 0.48913301256569947, 0.2757622423497113, 0.3813423561778935, 0.23922152139923789, 0.27794771641492844, 0.2580465945330533, 0.30574838630855083, 0.24180491641163826, 0.27147456868128345, 0.2180903967131268, 0.29379417273131286, 0.23146051100709222, 0.2531145099889148, 0.2791088612919504, 0.28392484157600184, 0.2589735529300841, 0.378069076009772, 0.3317405427382751, 0.3262386192906309, 0.30354942743327806, 0.3269539424641566, 0.39540844122794544, 0.3712159062481739, 0.39308840002525935, 0.3426871669521047, 0.452313152438199, 0.39390358760614286, 0.3962455054491081, 0.4522828371687369, 0.3435087317431515, 0.45243495262316585, 0.4266431834548712, 0.41563647958471184, 0.4266946833707731, 0.440653072162108, 0.40038474107330496, 0.4528210757469589, 0.4173600399782034, 0.43821959935171023, 0.42639793354001915, 0.4407464401288466, 0.44546676269436086, 0.4872998741286045, 0.39473181404173374]
Score
Loss test 0.3037056511061059
Acc test 0.9338235