train_acc = [0.5400618, 0.54296875, 0.5427871, 0.5427871, 0.5428779, 0.54296875, 0.5428779, 0.5427871, 0.5427871, 0.5427871, 0.5428779, 0.5427871, 0.5430596, 0.54269624, 0.5428779, 0.5428779, 0.5428779, 0.5428779, 0.5428779, 0.5427871, 0.5428779, 0.5428779, 0.5428779, 0.54296875, 0.5427871, 0.5428779, 0.54269624, 0.5428779, 0.5428779, 0.5428779, 0.5428779, 0.5428779, 0.54296875, 0.5430596, 0.54296875, 0.5427871, 0.54269624, 0.54378635, 0.5427871, 0.5430596, 0.5428779, 0.5427871, 0.5428779, 0.5428779, 0.5427871, 0.5428779, 0.5430596, 0.5427871, 0.5427871, 0.54269624]
valid_acc = [0.56392044, 0.5667614, 0.56960225, 0.5738636, 0.5511364, 0.56534094, 0.57528406, 0.56392044, 0.5724432, 0.5511364, 0.56960225, 0.59090906, 0.54545456, 0.5724432, 0.56534094, 0.55397725, 0.5681818, 0.56960225, 0.57954544, 0.56107956, 0.5738636, 0.55397725, 0.56392044, 0.56534094, 0.5738636, 0.55965906, 0.5511364, 0.57670456, 0.57102275, 0.56534094, 0.54829544, 0.578125, 0.57102275, 0.54403406, 0.5724432, 0.578125, 0.56392044, 0.55965906, 0.56392044, 0.56960225, 0.55965906, 0.56392044, 0.5681818, 0.55965906, 0.5625, 0.56960225, 0.5525568, 0.5625, 0.56534094, 0.5838068]
train_loss = [0.6912278018372003, 0.689729314210803, 0.6897496816723846, 0.6897353717060977, 0.6897717068015143, 0.6896504721669263, 0.6897378352492355, 0.6896920924962953, 0.6895912303480991, 0.6898252196436705, 0.689549061967883, 0.6896964134865029, 0.6894979282867076, 0.6897777694948884, 0.689625370467818, 0.6897031079198039, 0.6895377448824949, 0.6897011569073034, 0.6896197636460148, 0.6896987510628478, 0.6896851537532585, 0.6897756178365197, 0.6896866835480513, 0.689653793739718, 0.6894307827880216, 0.6899256732228191, 0.6897162377487781, 0.6897156371973282, 0.6897135155145512, 0.6897224711124287, 0.6896279066107994, 0.6896976719415465, 0.6896503058283828, 0.689455680722414, 0.6894562940957935, 0.6893175623791162, 0.6898134792613428, 0.6889764541803405, 0.6890436634421349, 0.6896666168820026, 0.6896214064124019, 0.6896900668047196, 0.6897263537312663, 0.6896594298440356, 0.6897711892460667, 0.6896369303035181, 0.6896313409819159, 0.6896675383282262, 0.6896773354951725, 0.6896780956276628]
valid_loss = [0.6852954084222967, 0.6847249973904003, 0.6839194568720731, 0.6861314854838632, 0.6879166147925637, 0.6857107850638303, 0.6844100518660112, 0.6855682866139845, 0.6834219802509655, 0.6880910721692172, 0.6839003481648185, 0.678446195342324, 0.6891345896504142, 0.6843837201595306, 0.6853978823531758, 0.6873236704956401, 0.6870214776559309, 0.6842304739085111, 0.6828780607743696, 0.686794408343055, 0.6855299716646021, 0.6875719590620561, 0.6867148822004144, 0.6853505373001099, 0.6823819442228838, 0.6867595911026001, 0.6881719014861367, 0.682421554218639, 0.6839527704498984, 0.6851456625895067, 0.6887419413436543, 0.6820662698962472, 0.683531566099687, 0.6896064552393827, 0.6851476512172006, 0.6868290250951593, 0.6850770495154641, 0.6798802289095792, 0.6866273256865415, 0.6845390877940438, 0.6870997846126556, 0.6857079592618075, 0.6863606572151184, 0.6868128993294456, 0.686177291653373, 0.6836698407476599, 0.6876411031592976, 0.685642659664154, 0.6856884549964558, 0.6818689758127386]
Score
Loss test 0.6554939382606082
Acc test 0.5183824