train_acc = [0.45941558, 0.45921266, 0.45921266, 0.4591112, 0.4591112, 0.45921266, 0.4591112, 0.45921266, 0.45931414, 0.45941558, 0.45921266, 0.45921266, 0.4591112, 0.4591112, 0.45921266, 0.45900974, 0.4591112, 0.45931414, 0.4591112, 0.4591112, 0.45921266, 0.4591112, 0.45941558, 0.45921266, 0.45921266, 0.45941558, 0.45921266, 0.45921266, 0.45900974, 0.45941558, 0.45931414, 0.4591112, 0.45931414, 0.45921266, 0.45921266, 0.4591112, 0.45941558, 0.45900974, 0.4591112, 0.45921266, 0.45900974, 0.45931414, 0.4591112, 0.4589083, 0.45921266, 0.45900974, 0.45900974, 0.4591112, 0.45921266, 0.45921266]
valid_acc = [0.44942436, 0.44983554, 0.44366777, 0.44901314, 0.44120064, 0.45394737, 0.44860196, 0.44860196, 0.44490132, 0.45353618, 0.4477796, 0.4477796, 0.44901314, 0.453125, 0.45435855, 0.44161186, 0.4432566, 0.4428454, 0.44654605, 0.45353618, 0.44695723, 0.4510691, 0.4551809, 0.4375, 0.44613487, 0.4510691, 0.4555921, 0.44613487, 0.4473684, 0.4473684, 0.45230263, 0.44449013, 0.4477796, 0.45024672, 0.4432566, 0.4506579, 0.44901314, 0.44860196, 0.4477796, 0.44572368, 0.44572368, 0.44695723, 0.45189145, 0.44490132, 0.4510691, 0.4510691, 0.45435855, 0.4375, 0.453125, 0.45024672]
train_loss = [8.296028473160483, 8.34161682872029, 8.341616785371459, 8.343181848526001, 8.343181789695443, 8.3416168225276, 8.343181860911383, 8.341616825623946, 8.340051793432854, 8.338486683833136, 8.341616788467803, 8.341616853491052, 8.343181888778489, 8.343181805177169, 8.34161682872029, 8.344746865235367, 8.34318183614062, 8.340051793432854, 8.343181864007727, 8.343181873296762, 8.341616819431255, 8.343181814466204, 8.33848670550755, 8.341616807045874, 8.341616816334911, 8.338486720989277, 8.341616825623946, 8.341616779178768, 8.344746883813437, 8.338486745760038, 8.340051793432854, 8.343181761828335, 8.340051756276713, 8.341616862780088, 8.341616850394708, 8.343181826851584, 8.338486742663694, 8.344746871428056, 8.343181922838285, 8.341616788467803, 8.344746880717091, 8.34005180891458, 8.343181882585798, 8.346311903619148, 8.341616838009326, 8.344746908584199, 8.344746896198817, 8.343181833044275, 8.341616772986077, 8.341616794660494]
valid_loss = [8.49260119387978, 8.486258757741828, 8.581396065260234, 8.498943717856156, 8.619451121280068, 8.42283370620326, 8.505286166542454, 8.505286241832533, 8.562368568621183, 8.429176230179635, 8.517971114108438, 8.517971126656784, 8.498943680211118, 8.435518741607666, 8.416491219871922, 8.613108522013613, 8.587738501398187, 8.594081050471255, 8.536998585650796, 8.429176255276328, 8.530656136964497, 8.467231198361045, 8.40380627230594, 8.676533598648874, 8.543341109627171, 8.467231148167661, 8.397463635394448, 8.543341097078825, 8.524313763568276, 8.524313663181506, 8.448203613883571, 8.56871109259756, 8.51797120194686, 8.479916108281989, 8.587738539043226, 8.47357365959569, 8.498943579824347, 8.5052861790908, 8.517971151753477, 8.549683621055202, 8.549683633603548, 8.530656036577726, 8.454546200601678, 8.562368631362915, 8.467231210909391, 8.467231123070968, 8.41649115713019, 8.676533473165412, 8.435518653769241, 8.479916120830335]
Score
Loss test 8.321353799418398
Acc test 0.44594595