train_acc = [0.5478702, 0.58548963, 0.5987261, 0.61813295, 0.6500796, 0.6451035, 0.6610271, 0.66600317, 0.662918, 0.68103105, 0.67028266, 0.6799363, 0.6907842, 0.68371814, 0.69357085, 0.69804937, 0.6960589, 0.69765127, 0.7000398, 0.69665605, 0.7115844, 0.7014331, 0.70431924, 0.696457, 0.71048963, 0.7162619, 0.7138734, 0.71825236, 0.71596336, 0.72213376, 0.7148686, 0.7264132, 0.7218352, 0.7262142, 0.72651273, 0.72601515, 0.71755576, 0.72830415, 0.7245223, 0.7325836, 0.7249204, 0.7326831, 0.7312898, 0.7349721, 0.7282046, 0.73178744, 0.73487264, 0.7395502, 0.7407444, 0.7329817]
valid_acc = [0.6270032, 0.50600964, 0.58533657, 0.63621795, 0.65584934, 0.5797276, 0.65865386, 0.6650641, 0.63782054, 0.68149036, 0.65384614, 0.68669873, 0.6834936, 0.6682692, 0.6943109, 0.68830127, 0.67467946, 0.6358173, 0.6875, 0.6911058, 0.64663464, 0.66586536, 0.68990386, 0.6991186, 0.6734776, 0.693109, 0.67267627, 0.6766827, 0.6943109, 0.68709934, 0.70913464, 0.7151442, 0.7047276, 0.70552886, 0.7083333, 0.70552886, 0.70032054, 0.7135417, 0.7139423, 0.7167468, 0.7015224, 0.7147436, 0.6826923, 0.72155446, 0.71634614, 0.7235577, 0.71915066, 0.71594554, 0.71033657, 0.73157054]
train_loss = [0.6845999921962713, 0.6704660126358081, 0.6597889840223228, 0.6524933986603074, 0.6361125350757769, 0.6331189643045899, 0.6245863946380129, 0.6201080550813372, 0.6205965910747553, 0.609420326484996, 0.6120667309518073, 0.6036480669003383, 0.5989737523968812, 0.6005783806181257, 0.5936725450928804, 0.590808196811919, 0.5915572481929876, 0.5868192341676943, 0.5853455322942916, 0.5836034679109123, 0.5783532091007111, 0.581194331881347, 0.5748760760969417, 0.5831129507274385, 0.5723602646475385, 0.56911818047238, 0.5676132937905135, 0.5659895368442414, 0.5667384299123364, 0.5638233258086405, 0.5655662024476725, 0.5588688816234564, 0.5587341910714556, 0.5575155729700805, 0.557144629917327, 0.5528421718983134, 0.5587447327413376, 0.5529168821444177, 0.5516981630568292, 0.5494382199208447, 0.5521682028178196, 0.54592820565412, 0.5485259241359249, 0.5451321159578433, 0.550049539014792, 0.5457151966869451, 0.545092075493685, 0.5394036826814056, 0.5423038169077248, 0.5425086321344801]
valid_loss = [0.6738382501479907, 0.6921893526346256, 0.6544512235201322, 0.6385814089041489, 0.6384296310253632, 0.6522754904551383, 0.6217500949517275, 0.6261818607648214, 0.6283628787749853, 0.6138323239791088, 0.6158209274976681, 0.5973381721056424, 0.5970393021901449, 0.613311475668198, 0.5868928615863507, 0.5895115106533735, 0.5980947231635069, 0.6205194485493195, 0.585606309847954, 0.5844365052687817, 0.6135629155696967, 0.5985793532469333, 0.5862206266476557, 0.5764375107410626, 0.5877016286055247, 0.5768924324940412, 0.5902410730337485, 0.5800113830810938, 0.5832006564507117, 0.5750969151655833, 0.5616967601653857, 0.5651081387813275, 0.567889175353906, 0.5656392841767042, 0.5683325200508802, 0.561304013698529, 0.5703451900910108, 0.5592174514746054, 0.5579813520113627, 0.5558939591432229, 0.5650894450835693, 0.5577307190650549, 0.583331809594081, 0.5509040623139112, 0.5525814516422076, 0.5487738534426078, 0.5491083485957904, 0.5529396174809872, 0.5558226979695834, 0.5404910093698746]
Score
Loss test 0
Acc test 0


