train_acc = [0.55234873, 0.61275876, 0.62529856, 0.64520305, 0.6442078, 0.676254, 0.67525876, 0.69934314, 0.6981489, 0.7014331, 0.6842158, 0.716461, 0.72213376, 0.7084992, 0.71805334, 0.7232285, 0.7307922, 0.73278266, 0.70322454, 0.7255175, 0.73178744, 0.7436306, 0.71138537, 0.7286027, 0.72382563, 0.7129777, 0.7148686, 0.7403463, 0.74213773, 0.7446258, 0.7528862, 0.74084395, 0.74313295, 0.74213773, 0.73636544, 0.70242834, 0.75049764, 0.72810507, 0.75736463, 0.74313295, 0.736465, 0.7478105, 0.7547771, 0.736664, 0.7494029, 0.75238854, 0.74661624, 0.74263537, 0.74850714, 0.74661624]
valid_acc = [0.63221157, 0.5641026, 0.568109, 0.67107373, 0.7051282, 0.6891026, 0.6682692, 0.6891026, 0.71434295, 0.69471157, 0.64102566, 0.7019231, 0.7227564, 0.7383814, 0.7047276, 0.70913464, 0.71634614, 0.7203526, 0.6983173, 0.65344554, 0.70232373, 0.6266026, 0.7227564, 0.73397434, 0.74399036, 0.73477566, 0.72516024, 0.70352566, 0.72516024, 0.7375801, 0.7167468, 0.7359776, 0.74719554, 0.7331731, 0.7479968, 0.7135417, 0.67467946, 0.73717946, 0.74238783, 0.7395833, 0.7411859, 0.7359776, 0.6702724, 0.72315705, 0.734375, 0.71834934, 0.6766827, 0.7459936, 0.7067308, 0.6598558]
train_loss = [0.7763649961750978, 0.6578610790003637, 0.6447213406016112, 0.6294482264928757, 0.6296808884781637, 0.5968649615148071, 0.5977319983919714, 0.5798141109715601, 0.5720573800384618, 0.5681130648798244, 0.5835777923559687, 0.5574410988646707, 0.5489822094607505, 0.5626600749173741, 0.5471816936116309, 0.5490187271765083, 0.5331454016980092, 0.5322866948546877, 0.5692087288495082, 0.5477863703943362, 0.5322241570539535, 0.5184186463523063, 0.5652137846703742, 0.5370620485324009, 0.5415159811259834, 0.5615960703154278, 0.5571992247347619, 0.5238409029070739, 0.5200179025625727, 0.5133525670334033, 0.5060518818676092, 0.5216980250018417, 0.5178328976509677, 0.5151855708307521, 0.5319400114618289, 0.6079700993504494, 0.513587312144079, 0.5399479064971778, 0.49927584323913426, 0.519929251283597, 0.5257313488774998, 0.5103348603673802, 0.5080279252331728, 0.5280692322998289, 0.5127740039187632, 0.5061322120344562, 0.5136538026439157, 0.5147058994147429, 0.5164634053874168, 0.511542115621506]
valid_loss = [0.6534906136683929, 0.7009128057039701, 0.7005249552237682, 0.6044157193257258, 0.5770912414942032, 0.5890672741792141, 0.6030686849202865, 0.5818587021949964, 0.5637985131679437, 0.5754555822947086, 0.6379700371852288, 0.5685157882861602, 0.5474055256599035, 0.5385862283217602, 0.559848583661593, 0.5530294867662283, 0.559681603541741, 0.549055896508388, 0.5811984561956846, 0.6410294679495004, 0.5752935997950726, 0.6832402822298881, 0.5516418035213764, 0.5290506474482708, 0.5211144953201978, 0.532539331760162, 0.5565605201782324, 0.5780190978294764, 0.5479504122183874, 0.5198314090569814, 0.552060387073419, 0.5262405031766647, 0.520017364086249, 0.5327700865574372, 0.5151094083602612, 0.5670810678066351, 0.6192014790498294, 0.5214521204813932, 0.5222511597168751, 0.5221081039844415, 0.511615371856934, 0.524790053948378, 0.6440888658548013, 0.5606984205735035, 0.5335085751154484, 0.5472008157999088, 0.6279242504865695, 0.5189673151725378, 0.5726947409984393, 0.6691141969118363]
Score
Loss test 0
Acc test 0


