train_acc = [0.5415609, 0.54179883, 0.54171956, 0.54187816, 0.54179883, 0.54179883, 0.54441625, 0.5431472, 0.54560596, 0.5549651, 0.5516339, 0.55472714, 0.5630552, 0.56654507, 0.5764594, 0.57891816, 0.5920844, 0.5915292, 0.5993813, 0.60858184, 0.61199236, 0.620717, 0.62317574, 0.6293623, 0.63340735, 0.64038706, 0.6422113, 0.65038073, 0.6496669, 0.6565673, 0.66330904, 0.66465735, 0.66703683, 0.6745717, 0.6687024, 0.67758566, 0.6821859, 0.6830584, 0.68773794, 0.6888484, 0.6924175, 0.69527286, 0.70082486, 0.70225257, 0.70717007, 0.70724934, 0.7151808, 0.71882933, 0.7204156, 0.7243813, 0.7277919, 0.7301713, 0.73516816, 0.73619926, 0.7382614, 0.7408788, 0.7465895, 0.7516656, 0.75515544]
valid_acc = [0.0013020834, 0.0, 0.0, 0.0, 0.0, 0.0, 0.029947916, 0.0, 0.0065104165, 0.0, 0.21875, 0.092447914, 0.048177082, 0.05859375, 0.029947916, 0.123697914, 0.20182292, 0.108072914, 0.14453125, 0.20572917, 0.095052086, 0.12630208, 0.22265625, 0.20703125, 0.26041666, 0.17708333, 0.22005208, 0.2265625, 0.44010416, 0.110677086, 0.2747396, 0.30208334, 0.24869792, 0.52473956, 0.31640625, 0.50130206, 0.34765625, 0.3111979, 0.43229166, 0.48697916, 0.4283854, 0.3841146, 0.2955729, 0.28645834, 0.37890625, 0.47135416, 0.37890625, 0.4453125, 0.49479166, 0.51953125, 0.50390625, 0.33203125, 0.32421875, 0.39583334, 0.3919271, 0.32421875, 0.3971354, 0.38541666, 0.4283854]
train_loss = [0.6929103414419339, 0.6898204720564906, 0.688802283427437, 0.6877107102858838, 0.6870571538276479, 0.6859310387354817, 0.6849716239169165, 0.6842230664291963, 0.6836272063594179, 0.6818250741450315, 0.6810511822627886, 0.6800022243243183, 0.6787150269232426, 0.6774118509389422, 0.6759811001380688, 0.6746325598755464, 0.6728117659612356, 0.6712096977960035, 0.6691996464269415, 0.6673394898472703, 0.6653645795008858, 0.6625771047500184, 0.660140636911247, 0.6577580671019966, 0.6548749278039496, 0.6518182530620982, 0.6485359611244976, 0.6455884690817237, 0.6419074057322468, 0.6379287515194888, 0.6346328391641529, 0.6309623954259804, 0.6270820804053757, 0.6226778411623185, 0.619479483456781, 0.615227238780956, 0.6114002163640133, 0.6070787047371646, 0.6032851625820101, 0.5991169177941259, 0.5959223204760382, 0.5915084426778222, 0.588479537649203, 0.5842405758835942, 0.5793606254655093, 0.5757343658638484, 0.5712694973509929, 0.5673469155270436, 0.5628119000626094, 0.559038761757352, 0.555553026308263, 0.5501037041850502, 0.5460967082662631, 0.5427244895605872, 0.537667728771413, 0.5334730053008511, 0.5294990344398518, 0.5252694927798915, 0.5198169222035384]
valid_loss = [0.7674176047245661, 0.7752636273701986, 0.7735570867856344, 0.8099869837363561, 0.7804581622282664, 0.754372775554657, 0.7324042568604151, 0.8179835627476374, 0.7628137518962225, 0.7994233320156733, 0.724331667025884, 0.7447361499071121, 0.768030067284902, 0.7752681573232015, 0.7964479873577753, 0.762959693868955, 0.7596575419108073, 0.7774756600459417, 0.7844429115454356, 0.7745990604162216, 0.8206885208686193, 0.8187220543622971, 0.7838980406522751, 0.8025139520565668, 0.7891122500101725, 0.8425745218992233, 0.81989686191082, 0.8422054102023443, 0.7409496704737345, 0.9429769515991211, 0.8462377339601517, 0.8219417780637741, 0.8831212421258291, 0.6985021332899729, 0.8512799938519796, 0.7194874833027521, 0.8457802832126617, 0.8969488988320032, 0.7948318272829056, 0.7482497791449229, 0.8140102823575338, 0.8699997663497925, 0.9482672661542892, 0.9755458037058512, 0.880727638800939, 0.8060797850290934, 0.8955365916093191, 0.8213366369406382, 0.7857191811005274, 0.7510565221309662, 0.7809180617332458, 1.0253800402084987, 1.0025828232367833, 0.931517759958903, 0.9667668292919794, 1.0593800842761993, 0.9441663920879364, 0.9544536570707957, 0.9087349325418472]
Score
Loss test 0.9135343763563368
Acc test 0.4652778
