train_acc = [0.53473985, 0.5389435, 0.54179883, 0.54187816, 0.54179883, 0.5415609, 0.54187816, 0.54187816, 0.54171956, 0.54171956, 0.54179883, 0.54187816, 0.54171956, 0.54187816, 0.54187816, 0.54179883, 0.54187816, 0.5419575, 0.54187816, 0.54187816, 0.54171956, 0.54179883, 0.54179883, 0.54187816, 0.54187816, 0.54187816, 0.54179883, 0.54187816, 0.54179883, 0.54179883, 0.54179883, 0.54187816, 0.5419575, 0.54187816, 0.54179883, 0.54187816, 0.54187816, 0.54187816, 0.54187816, 0.54179883, 0.54171956, 0.54187816, 0.54171956, 0.5416402, 0.54171956, 0.5419575, 0.54171956, 0.54179883, 0.54179883, 0.54179883, 0.54171956]
valid_acc = [0.0, 0.0, 0.0, 0.0, 0.0, 0.0, 0.0, 0.0, 0.0, 0.0, 0.0, 0.0, 0.0, 0.0, 0.0, 0.0, 0.0, 0.0, 0.0, 0.0, 0.0, 0.0, 0.0, 0.0, 0.0, 0.0, 0.0, 0.0, 0.0, 0.0, 0.0, 0.0, 0.0, 0.0, 0.0, 0.0, 0.0, 0.0, 0.0, 0.0, 0.0, 0.0, 0.0, 0.0, 0.0, 0.0, 0.0, 0.0, 0.0, 0.0, 0.0]
train_loss = [0.7363162316041549, 0.6907488528241966, 0.6900981764502937, 0.6899080624435153, 0.6900431419992205, 0.6906156064895204, 0.6895704910839875, 0.6898450421802889, 0.6892277625611591, 0.6898435587205257, 0.689561770047028, 0.6901503568373356, 0.6898458845119186, 0.689602547793219, 0.6896394312684306, 0.689761847408895, 0.6896344662317769, 0.6895731642161529, 0.6895376746424564, 0.6896896259433727, 0.6896633920330687, 0.6896620849667466, 0.6896229477098146, 0.6894937502551199, 0.68975740701414, 0.6896182065687809, 0.6895487024094248, 0.6896061945687696, 0.6896523760660046, 0.6896962187616958, 0.6896463638634851, 0.6893812835519084, 0.6896529651535344, 0.6895681126468678, 0.6897583074376062, 0.6896756548566867, 0.689626558480529, 0.6896679349962225, 0.6894775819657418, 0.6894276402323379, 0.6896650394812454, 0.6897051534071792, 0.6896177094599922, 0.6896720540705066, 0.6897021532058716, 0.6894855160398532, 0.6896009060937136, 0.689614581577669, 0.6897578765898187, 0.6897055963574327, 0.689625882557806]
valid_loss = [0.7078047792116801, 0.7427027821540833, 0.7705887903769811, 0.7476064413785934, 0.7364564289649328, 0.7526751259962717, 0.7937067349751791, 0.7579253415266672, 0.7549877713123957, 0.7401415010293325, 0.8066815733909607, 0.7556082854668299, 0.7738330016533533, 0.7901891867319742, 0.7820602109034857, 0.7875116864840189, 0.794547105828921, 0.772300918896993, 0.7800462444623312, 0.7721220850944519, 0.7786795248587927, 0.7672837823629379, 0.788009449839592, 0.7977356761693954, 0.7793401380379995, 0.7744890451431274, 0.7696983317534128, 0.7722212572892507, 0.7718942612409592, 0.7725608001152674, 0.7732620686292648, 0.7728696763515472, 0.7771261433760325, 0.7800701409578323, 0.7807483375072479, 0.7805276314417521, 0.7782975435256958, 0.7887842208147049, 0.777590254942576, 0.7731892118851343, 0.7750170230865479, 0.7810089141130447, 0.7890579551458359, 0.8086321155230204, 0.7773198535044988, 0.7752025773127874, 0.7885235200325648, 0.7553102920452753, 0.7772328903277715, 0.7811258385578791, 0.7915386458237966]
Score
Loss test 0.7920484211709764
Acc test 0.0
