train_acc = [0.5422748, 0.54171956, 0.54179883, 0.54187816, 0.52831537, 0.5278395, 0.54132295, 0.54116434, 0.54005396, 0.5409264, 0.54322654, 0.54187816, 0.5426713, 0.55409265, 0.5716212, 0.5717005, 0.5794734, 0.58867383, 0.5934327, 0.5908947, 0.59414655, 0.5947811, 0.5996986, 0.6105647, 0.6073128, 0.6169099, 0.61825824, 0.6159581, 0.61762375, 0.6137373, 0.617703, 0.62507933, 0.6150063, 0.6221447, 0.62523794, 0.62309647, 0.62904507, 0.6288864, 0.62801397, 0.62793463, 0.6223033, 0.6314245, 0.62682426, 0.62833124, 0.6299175, 0.6304727, 0.623493, 0.6343591, 0.62848985, 0.6280933]
valid_acc = [0.0, 0.0, 0.0, 0.0, 0.8463542, 0.0, 0.0, 0.0, 0.0, 0.0, 0.0, 0.0, 0.0, 0.010416667, 0.040364582, 0.055989582, 0.024739584, 0.1953125, 0.16666667, 0.052083332, 0.3203125, 0.2799479, 0.44921875, 0.122395836, 0.21614583, 0.24088542, 0.328125, 0.13151042, 0.33333334, 0.33984375, 0.3984375, 0.3971354, 0.2109375, 0.60286456, 0.6328125, 0.33854166, 0.43359375, 0.26302084, 0.29166666, 0.52473956, 0.21875, 0.2265625, 0.22005208, 0.30989584, 0.4049479, 0.54817706, 0.20833333, 0.44270834, 0.34114584, 0.54296875]
train_loss = [6.97397473378835, 7.026923779908776, 7.02570758858308, 7.0244914311442885, 4.1177248806517746, 0.6960710169095073, 0.69182899972509, 0.6899152168162583, 0.6882002777254521, 0.6860552269795219, 0.6826627529817184, 0.6809528836138963, 0.6795681954035299, 0.6778887177481869, 0.6757848347504127, 0.6729603948326885, 0.6711032115263382, 0.6683024748932892, 0.6664349497272278, 0.6652758784100489, 0.6643027415130344, 0.663889916415142, 0.660283350399908, 0.6554868980712697, 0.6573488573132432, 0.654732931991519, 0.6523050493395268, 0.6525112438928052, 0.6502204900465641, 0.6536978782736106, 0.6501681638248076, 0.6461095743372961, 0.6471059394971973, 0.6459408036343337, 0.6443538260338876, 0.6427297359190617, 0.6381964275074489, 0.6389454636476972, 0.6398462259829952, 0.6398234331063207, 0.6392279076697257, 0.6396927406945204, 0.6362938914202192, 0.6324559822300364, 0.6317978837163315, 0.6336117141742996, 0.6340070811625059, 0.6314222337630799, 0.6325863133832282, 0.6366318137512594]
valid_loss = [15.33323860168457, 15.33323860168457, 15.33323860168457, 15.33323860168457, 0.6405277401208878, 0.8543330430984497, 0.80606942375501, 0.8121471256017685, 0.7700779587030411, 0.7672001322110494, 0.7321301102638245, 0.7914371341466904, 0.7862196962038676, 0.8729276557763418, 0.8611999452114105, 0.8754319349924723, 0.9862679938475291, 0.8295307656129202, 0.8503549744685491, 0.9596487780412039, 0.849238708615303, 0.8415835301081339, 0.7888822704553604, 1.07936825354894, 0.9420944601297379, 0.9823193252086639, 0.9332534720500311, 1.1263636350631714, 0.9399946282307307, 0.9372124274571737, 0.8911167134841284, 0.890179326136907, 1.163625846306483, 0.715568388501803, 0.7178777108589808, 0.9700719912846884, 0.8913085162639618, 1.0891353785991669, 1.094492182135582, 0.801077589392662, 1.2013331453005474, 1.1107831398646038, 1.2316876252492268, 1.0540026972691219, 0.9283019403616587, 0.8095576812823614, 1.2698415716489155, 0.9172389904657999, 1.0412108103434246, 0.8215517004330953]
Score
Loss test 0.8702533377541436
Acc test 0.5086806
