train_acc = [0.5314086, 0.54187816, 0.54179883, 0.54179883, 0.54187816, 0.54171956, 0.54187816, 0.5415609, 0.54179883, 0.54187816, 0.5407678, 0.54187816, 0.5419575, 0.5402126, 0.5429886, 0.54171956, 0.55671, 0.59398794, 0.6331694, 0.65973985, 0.69114846, 0.71367383, 0.73025066, 0.7565831, 0.7678458, 0.7844226, 0.7898953, 0.8029822, 0.81654507, 0.82407993, 0.8316942, 0.8388325, 0.8415292, 0.84874684, 0.8489848, 0.85572654, 0.86032677, 0.8650063, 0.86714786, 0.8723033, 0.8714308, 0.87793463, 0.87523794, 0.88388324, 0.8880869, 0.8868972, 0.8892766]
valid_acc = [0.0, 0.0, 0.0, 0.0, 0.0, 0.0, 0.0, 0.0, 0.0, 0.0, 0.0, 0.0, 0.0, 0.0, 0.0, 0.014322917, 0.080729164, 0.32421875, 0.3671875, 0.5104167, 0.20052083, 0.6484375, 0.4518229, 0.3346354, 0.19270833, 0.3606771, 0.44791666, 0.4127604, 0.3919271, 0.5286458, 0.5052083, 0.5442708, 0.34635416, 0.43359375, 0.5260417, 0.390625, 0.4856771, 0.46614584, 0.515625, 0.49479166, 0.4375, 0.3450521, 0.4700521, 0.3984375, 0.42578125, 0.36979166, 0.40104166]
train_loss = [0.7158308667579883, 0.6905097262508373, 0.690611999954669, 0.6904226184496419, 0.6895995960017751, 0.6897732966442398, 0.6901718795602092, 0.6899469476665943, 0.6898392889705406, 0.6893824774601738, 0.6898120063815625, 0.6896312375964248, 0.6893095570772433, 0.6887418288869906, 0.6883461596396974, 0.6871256401696181, 0.6828091147587384, 0.6677298267480686, 0.6408915341202983, 0.6133951752016387, 0.5850647988960828, 0.5612614947527194, 0.5351723078543764, 0.5007078821586474, 0.48365278882423635, 0.46117737647240536, 0.4474629871736323, 0.4244801881652193, 0.405161239774094, 0.3894605533725719, 0.3749664416016661, 0.3650304861177648, 0.3586583392420396, 0.34744334326782805, 0.3427223084390466, 0.3280256240803578, 0.32243691914275213, 0.3170588234354397, 0.30812921272921684, 0.29455666641142164, 0.2949920454001064, 0.28212406308517846, 0.2851777093740284, 0.2797565147810176, 0.2637527845989024, 0.2652798749241732, 0.2583285070161529]
valid_loss = [0.7859141478935877, 0.7232880393664042, 0.7569650957981745, 0.7616289208332697, 0.775987962881724, 0.7394673724969228, 0.7696042557557424, 0.7691230177879333, 0.7510342846314112, 0.7660890320936838, 0.7748767832914988, 0.7717768301566442, 0.8604941715796789, 0.8030285984277725, 0.8578025003274282, 0.762170284986496, 0.7972283611694971, 0.8222537686427435, 0.9489843249320984, 0.8059725860754648, 1.485476593176524, 0.6855711241563162, 0.9326066921154658, 1.6505879859129589, 2.4022163351376853, 1.7070334653059642, 1.4005901714166005, 1.598730703194936, 1.6479150454203289, 0.9831352680921555, 1.1357030123472214, 1.0735091020663579, 2.2553374965985618, 1.798792024453481, 1.2539592782656352, 2.3792485495408378, 1.5581701000531514, 1.8134160836537678, 1.5611911416053772, 1.6410248577594757, 2.1424209773540497, 2.9590088923772178, 1.9193540414174397, 2.5380882720152536, 2.321648101011912, 2.8145313064257302, 2.4276513954003653]
Score
Loss test 2.4299420250786676
Acc test 0.44791666
