train_acc = [0.54171956, 0.54179883, 0.5422748, 0.5419575, 0.5415609, 0.54203683, 0.54219544, 0.54235405, 0.542592, 0.5426713, 0.5433058, 0.54275066, 0.5434645, 0.5437817, 0.5441783, 0.546875, 0.5463198, 0.55020624, 0.5578998, 0.5507614, 0.55742383, 0.56107235, 0.5632138, 0.5651967, 0.57027286, 0.5735248, 0.5778077, 0.5835977, 0.5915292, 0.5891498, 0.5920844, 0.5969226, 0.6023953, 0.6047748, 0.6111199, 0.6117544, 0.6157995, 0.61643404, 0.620717, 0.6229378, 0.6311072, 0.6266656, 0.6340419]
valid_acc = [0.0, 0.0, 0.0, 0.0013020834, 0.0013020834, 0.0026041667, 0.0, 0.018229166, 0.00390625, 0.00390625, 0.00390625, 0.0078125, 0.00390625, 0.010416667, 0.044270832, 0.03125, 0.061197918, 0.114583336, 0.01171875, 0.13671875, 0.095052086, 0.072916664, 0.057291668, 0.088541664, 0.092447914, 0.15234375, 0.15234375, 0.09765625, 0.032552082, 0.15755208, 0.30989584, 0.13541667, 0.1796875, 0.27083334, 0.21354167, 0.3294271, 0.24479167, 0.16927083, 0.26953125, 0.28385416, 0.26302084, 0.33854166, 0.2421875]
train_loss = [0.68924801845841, 0.6887264811448034, 0.6881808205909535, 0.6877740567105676, 0.6875204310804455, 0.6870583519717763, 0.6866491757673661, 0.6861462953126976, 0.6858976214065164, 0.6854842017749845, 0.6850231432067562, 0.6845891905315031, 0.6840307413018899, 0.6835290807757886, 0.6830290985591521, 0.6823903107401078, 0.6819530855580634, 0.6813474984338441, 0.6807731625997475, 0.680088338210498, 0.6794891073013926, 0.6788597324777981, 0.6780914543243834, 0.6773408956939194, 0.6765812590037505, 0.6757702748787585, 0.6748577843462755, 0.6738694951618989, 0.6729552891048683, 0.6721576715483883, 0.6711548657586732, 0.6703048856730388, 0.6690528044845853, 0.6679193223188371, 0.6668268042772555, 0.665734160370028, 0.6645679964026824, 0.6629444472680842, 0.6616011025941917, 0.6602018977784868, 0.6586605709821439, 0.6572040056214115, 0.6554140605902309]
valid_loss = [0.7689909189939499, 0.7808869928121567, 0.7937474052111307, 0.7633814861377081, 0.7795926382144293, 0.7817987004915873, 0.8039027055104574, 0.7496095846096674, 0.7719109753767649, 0.7746221621831259, 0.7848075131575266, 0.7732050915559133, 0.7878426959117254, 0.7802382955948511, 0.7631828039884567, 0.77164326608181, 0.763175293803215, 0.7492960194746653, 0.796409030755361, 0.7502934038639069, 0.7682513544956843, 0.7772355377674103, 0.7887177616357803, 0.7821713934342066, 0.7847009152173996, 0.768917997678121, 0.7737047125895818, 0.797946979602178, 0.8326115806897482, 0.7875653356313705, 0.7507084260384241, 0.8050397485494614, 0.7931728363037109, 0.7672881782054901, 0.7908579558134079, 0.759598970413208, 0.7895097384850184, 0.8193158805370331, 0.7818638434012731, 0.7907576858997345, 0.8100733906030655, 0.7682523926099142, 0.8203531056642532]
Score
Loss test 0.8069985310236613
Acc test 0.2638889
