train_acc = [0.53458124, 0.57122463, 0.6047748, 0.6263484, 0.6555362, 0.6882138, 0.7036802, 0.73326457, 0.7404822, 0.76316625, 0.7815673, 0.7879124, 0.8062341, 0.8130552, 0.8279664, 0.8205108, 0.8431948, 0.8399429, 0.85334706, 0.86119926, 0.8577094, 0.86135787, 0.8551713, 0.87967956, 0.8868972, 0.88055205, 0.88650066, 0.8815038, 0.89784265, 0.8945114, 0.9050603, 0.9024429, 0.9083122, 0.903474, 0.92195433, 0.9072811, 0.9202887, 0.9142608, 0.92687184, 0.9220336, 0.92179567]
valid_acc = [0.12630208, 0.3359375, 0.057291668, 0.23697917, 0.2747396, 0.42578125, 0.27734375, 0.32421875, 0.375, 0.4140625, 0.28645834, 0.4127604, 0.3502604, 0.38802084, 0.1484375, 0.6614583, 0.42578125, 0.3424479, 0.5572917, 0.39322916, 0.39583334, 0.42708334, 0.4453125, 0.40104166, 0.3502604, 0.48697916, 0.42578125, 0.4296875, 0.5390625, 0.4856771, 0.3528646, 0.43359375, 0.3997396, 0.43489584, 0.41015625, 0.4674479, 0.41927084, 0.3059896, 0.375, 0.42708334, 0.44010416]
train_loss = [0.6892956924922575, 0.6805942218920906, 0.6681840223104215, 0.6492232271862514, 0.6265012906287527, 0.5974399907334806, 0.5676070159764459, 0.5393062093233699, 0.5253317893156545, 0.4932969743527737, 0.46552988750680446, 0.450631965386686, 0.4362544670020263, 0.41139964887938524, 0.3793461098888804, 0.3972742347245289, 0.360923905511798, 0.3593314805157899, 0.3359266955235283, 0.31922998033501776, 0.3311921770348767, 0.3188955832253858, 0.3357987236704318, 0.2834052333069332, 0.2688331468607569, 0.2826432430653403, 0.2682345883949154, 0.2798529904203367, 0.24645237216187008, 0.25313661115121117, 0.23584138707914934, 0.23232209678682578, 0.22642802976563497, 0.2335828078655422, 0.19705821153929995, 0.22666981665010985, 0.19396088015155744, 0.20989341167780348, 0.1837196591768773, 0.1965501401857071, 0.19656568568975188]
valid_loss = [0.7263415604829788, 0.7259237219889959, 0.902447427312533, 0.8821130941311518, 0.9005559682846069, 0.8582032918930054, 1.0106180955966313, 1.157162179549535, 0.996994212269783, 1.0765617936849594, 1.3792999684810638, 1.1594894379377365, 1.4527410169442494, 1.3530475795269012, 2.8461720943450928, 0.6584597577651342, 1.3505736887454987, 1.8881793121496837, 0.9733324895302454, 1.7222929398218791, 1.5837372839450836, 1.5713801284631093, 1.5783032675584157, 1.7293928762276967, 2.383055329322815, 1.3214982151985168, 1.7269805868466694, 1.6063425441582997, 1.3009607791900635, 1.496522734562556, 2.5034535924593606, 1.9251146614551544, 2.422557552655538, 1.9696259200572968, 2.419064382712046, 2.02021990219752, 2.352883984645208, 2.7353394428888955, 2.655643622080485, 1.9666661520799, 1.9563737710316975]
Score
Loss test 1.9974649482303195
Acc test 0.4861111
