train_acc = [0.5222874, 0.56273794, 0.57994926, 0.60255396, 0.60739213, 0.61389595, 0.6246827, 0.6330901, 0.6428458, 0.6496669, 0.6625159, 0.6687024, 0.6706853, 0.67861676, 0.6783788, 0.68932426, 0.7009042, 0.7048699, 0.7069321, 0.711453, 0.71581537, 0.7224778, 0.72168463, 0.7262849, 0.72446066, 0.734375, 0.738658, 0.7415133, 0.745717, 0.7511897, 0.7506345, 0.754283, 0.7593591, 0.76165926, 0.7624524, 0.7687183, 0.7688769, 0.7737151, 0.7768877, 0.77506346, 0.7787119, 0.7834708, 0.7861675, 0.7914816, 0.7914023, 0.7943369, 0.8001269, 0.7956853, 0.79774743, 0.80512375, 0.80203044, 0.8114689, 0.8072652, 0.8128173, 0.8117862, 0.81392765, 0.81511736, 0.8227316]
valid_acc = [0.049479168, 0.015625, 0.040364582, 0.34635416, 0.048177082, 0.24869792, 0.15885417, 0.30208334, 0.4361979, 0.21354167, 0.32291666, 0.37109375, 0.26953125, 0.27734375, 0.35546875, 0.34635416, 0.3893229, 0.34635416, 0.2591146, 0.37890625, 0.54817706, 0.44270834, 0.37239584, 0.4283854, 0.4622396, 0.52213544, 0.3372396, 0.47395834, 0.42708334, 0.52213544, 0.3138021, 0.5807292, 0.6015625, 0.3658854, 0.42578125, 0.41145834, 0.36458334, 0.4140625, 0.515625, 0.33333334, 0.52734375, 0.38671875, 0.39322916, 0.44140625, 0.34635416, 0.33854166, 0.53255206, 0.42578125, 0.46875, 0.4765625, 0.46875, 0.3372396, 0.3502604, 0.5, 0.39583334, 0.3919271, 0.38671875, 0.3190104]
train_loss = [0.7225877206942757, 0.6804156793555632, 0.6710070302038629, 0.6642756238201548, 0.657258510287038, 0.6534748540311901, 0.6467452264074142, 0.6418992320293098, 0.63433611604768, 0.62653112774573, 0.6214963557756492, 0.617447651582321, 0.6127435692070704, 0.6053363105972406, 0.5998128195704543, 0.5950353445135398, 0.5853790085630368, 0.5767153146000683, 0.5747083275753835, 0.5677399857697754, 0.5641327320319142, 0.5583784590820371, 0.5548919809953815, 0.5483176175712934, 0.5452668327970553, 0.5387386992800659, 0.530896420406206, 0.5251070418333644, 0.525470690678824, 0.5183597955909477, 0.5151610817703499, 0.5123330077846643, 0.5036912775281722, 0.5003425808727439, 0.49668124877861913, 0.4890477090015024, 0.4884865162941405, 0.4819749686016044, 0.47825425243014613, 0.4743228330830027, 0.4703487882456804, 0.464306707612149, 0.4610646091741959, 0.4574908443211299, 0.45412744543879163, 0.4480111066460004, 0.44361574259506265, 0.44143002211745014, 0.43976636465430863, 0.4343705600893437, 0.4322713454665266, 0.42647067120837684, 0.42853239753524663, 0.41879864165625597, 0.4172722181390385, 0.4135418417792635, 0.41060161772113163, 0.4073244973185099]
valid_loss = [0.8419766823450724, 0.8937426060438156, 0.8986041247844696, 0.746581181883812, 0.9393630723158518, 0.7914221088091532, 0.8685362289349238, 0.7852165400981903, 0.7321806897719702, 0.8866948286692301, 0.8150131503740946, 0.7912634909152985, 0.8722947835922241, 0.8891975035270056, 0.8182166069746017, 0.8541459987560908, 0.8155002246300379, 0.8794051061073939, 0.9962717642386755, 0.8579119145870209, 0.7181585828463236, 0.8306694279114405, 0.9223067164421082, 0.8460822006066641, 0.8101520538330078, 0.7524450073639551, 1.02434141933918, 0.8313270757595698, 0.9089250018199285, 0.7991537551085154, 1.1316953400770824, 0.7157655755678812, 0.6924745043118795, 1.0747214754422505, 0.947081724802653, 0.9759198079506556, 1.0919855684041977, 1.0168801496426265, 0.8444180637598038, 1.204325020313263, 0.8051176567872366, 1.1143081188201904, 1.1146166026592255, 0.9602331072092056, 1.2602453728516896, 1.2436368068059285, 0.8296710004409155, 1.0926893105109532, 0.9755599846442541, 0.9883605490128199, 0.9869284232457479, 1.328622817993164, 1.2994280556837718, 0.9683506637811661, 1.174747164050738, 1.204824149608612, 1.2427340944608052, 1.4533124268054962]
Score
Loss test 1.5480290916230943
Acc test 0.3298611
