train_acc = [0.52442896, 0.54100573, 0.54203683, 0.54203683, 0.5419575, 0.54219544, 0.54187816, 0.54187816, 0.54187816, 0.54275066, 0.546875, 0.54100573, 0.5517925, 0.5635311, 0.5764594, 0.59113264, 0.61048543, 0.62801397, 0.6486358, 0.67092323, 0.680203, 0.680203, 0.70399743, 0.7263642, 0.74127537, 0.7397684, 0.7522208, 0.7678458, 0.7712563, 0.78037757, 0.78815037, 0.7952887, 0.80306154, 0.8070273, 0.8120241, 0.8146415, 0.8171002, 0.8294734, 0.8366117, 0.83875316, 0.83669096, 0.842243, 0.8481916, 0.84176713, 0.8444638, 0.85366434, 0.85842323]
valid_acc = [0.0, 0.0, 0.0, 0.0, 0.0, 0.0, 0.0, 0.0, 0.0, 0.0, 0.0, 0.0, 0.14453125, 0.022135416, 0.1640625, 0.12890625, 0.15755208, 0.4518229, 0.140625, 0.4596354, 0.3893229, 0.58984375, 0.3372396, 0.46614584, 0.4140625, 0.31770834, 0.3684896, 0.36197916, 0.40104166, 0.3346354, 0.41666666, 0.41145834, 0.4856771, 0.39583334, 0.33072916, 0.23307292, 0.3984375, 0.484375, 0.38802084, 0.4765625, 0.40364584, 0.37890625, 0.5729167, 0.3046875, 0.51432294, 0.40625, 0.3815104]
train_loss = [0.7150776788667979, 0.6900409795911179, 0.6900469364248557, 0.6900565376136508, 0.6894561932776785, 0.6894636075508777, 0.6898776223211724, 0.6890560258463555, 0.6890056714188629, 0.6883283983632392, 0.6872084576466362, 0.6874763160792704, 0.6849880611836002, 0.6808991247627336, 0.6765009533935392, 0.6696027738188729, 0.6612760043386275, 0.6448831636893567, 0.6281916399292534, 0.6079516716414902, 0.5976633096709469, 0.5899794080535773, 0.5631147320500485, 0.5403188026798558, 0.5219167653981804, 0.5212930648157439, 0.5066399205154574, 0.48466325653385994, 0.477867122834104, 0.46596920883595033, 0.44871248630097677, 0.440669190611331, 0.42527362598380464, 0.4183214924057123, 0.40393024130823646, 0.4064496507499424, 0.4018689490060516, 0.3803666104671314, 0.3688305685211559, 0.36457278205053456, 0.37028253630635705, 0.354009582155247, 0.34808996766049244, 0.3629043540222391, 0.3487751038395209, 0.3415717751846701, 0.3241126221146075]
valid_loss = [0.8011825233697891, 0.7827297647794088, 0.7691414505243301, 0.7761066208283106, 0.7589279115200043, 0.76529394586881, 0.7849433422088623, 0.792437881231308, 0.7469532986481985, 0.7858357230822245, 0.84762804210186, 0.8172770192225774, 0.7554324368635813, 0.8965103377898535, 0.8270491709311804, 0.9552881717681885, 1.0751970708370209, 0.7713374197483063, 1.3417979776859283, 0.8813306589921316, 0.9602948774894079, 0.6995496650536855, 1.220600853363673, 1.0084083278973897, 1.2597948511441548, 1.4027314186096191, 1.3276035487651825, 1.4915564060211182, 1.1724874476591747, 1.7773606181144714, 1.344066282113393, 1.456611732641856, 1.1499684552351634, 1.5583669344584148, 1.969404051701228, 2.2741339008013406, 1.747254838546117, 1.3785246113936107, 1.8725944757461548, 1.3626289616028469, 1.6896875003973644, 1.7443925340970357, 1.0432012180487316, 2.1663175523281097, 1.245428055524826, 1.8059482177098591, 2.1398886342843375]
Score
Loss test 2.2291442685657077
Acc test 0.42708334
