train_acc = [0.52014595, 0.5354537, 0.5431472, 0.5506821, 0.5571066, 0.5631345, 0.5679727, 0.5726523, 0.58042514, 0.57955265, 0.58312184, 0.58383566, 0.5940673, 0.59771574, 0.5996986, 0.6000159, 0.5985089, 0.6041402, 0.6071542, 0.61199236, 0.6148477, 0.61508566, 0.610882, 0.6173065, 0.61492705, 0.6197652, 0.6154822, 0.6142925, 0.62388957, 0.62595177, 0.62595177, 0.6242862, 0.62967956, 0.6303141, 0.6276967, 0.633328, 0.63324875, 0.63578683, 0.63507295, 0.6358661, 0.6375317, 0.6368179, 0.63729376, 0.63459706, 0.63919735, 0.63562816, 0.6437183, 0.6394353]
valid_acc = [0.0, 0.0, 0.9973958, 0.83984375, 0.0, 0.0, 0.14713542, 0.9869792, 0.00390625, 0.010416667, 0.484375, 0.057291668, 0.10546875, 0.45572916, 0.30989584, 0.19270833, 0.024739584, 0.123697914, 0.16927083, 0.4231771, 0.4622396, 0.059895832, 0.01171875, 0.17578125, 0.0234375, 0.17317708, 0.7786458, 0.29947916, 0.029947916, 0.44791666, 0.51953125, 0.61588544, 0.33333334, 0.69661456, 0.4453125, 0.53776044, 0.33984375, 0.54817706, 0.34635416, 0.12630208, 0.27864584, 0.09375, 0.69401044, 0.4752604, 0.68359375, 0.25390625, 0.25, 0.44270834]
train_loss = [0.6962086957723356, 0.6913212383459062, 0.6878985254292561, 0.6861059229991158, 0.6820455922693165, 0.680328921920757, 0.6778086608436507, 0.6767661135813912, 0.6742872686555543, 0.6739279757901496, 0.6734206174230818, 0.6712694821623981, 0.6677305507780936, 0.667043077159049, 0.6658813299866497, 0.6650817793637968, 0.6647046341508778, 0.6612749060398431, 0.6606739030271618, 0.6588864371861298, 0.6570770186821216, 0.6581266909686442, 0.6570956610181005, 0.6549861322199633, 0.6557489597252782, 0.6541900852610012, 0.6536893451274349, 0.6530775001206374, 0.6509348256938954, 0.6491286146459241, 0.6485097571677968, 0.649517776397279, 0.6466411167594988, 0.6468120701421941, 0.6448943155066011, 0.6456201524298808, 0.6455914481037159, 0.6441961384666752, 0.6437353479680676, 0.6418962711610164, 0.6406245767162536, 0.6405194050769516, 0.6406036878600339, 0.6408149330749124, 0.6383707520320331, 0.6397467031696726, 0.6377736248340703, 0.6373939617031117]
valid_loss = [0.8969324777523676, 0.9055705517530441, 0.5598934044440588, 0.6489740858475367, 1.1845709681510925, 0.9158792197704315, 0.7609347353378931, 0.5227626909812292, 0.947160671154658, 0.9121132244666418, 0.7047601640224457, 0.8637478550275167, 0.83369812866052, 0.7203298211097717, 0.756879856189092, 0.8012958268324534, 0.9531417985757192, 0.8524154126644135, 0.8324592361847559, 0.7420416474342346, 0.7249067376057307, 0.9436843494574229, 1.1090292831261952, 0.8461860169967016, 1.0376797914505005, 0.851797084013621, 0.5926756312449774, 0.8002940018971761, 1.0460365215937297, 0.7393431117137274, 0.7002779096364975, 0.6653058230876923, 0.7953022172053655, 0.6143033107121786, 0.7422324021657308, 0.692176436384519, 0.7891591588656107, 0.6862112532059351, 0.7883444527784983, 0.9432180225849152, 0.8421009927988052, 0.9863364646832148, 0.6133328129847845, 0.7287452419598898, 0.6118447581926981, 0.868478462100029, 0.8649150480826696, 0.7614424725373586]
Score
Loss test 0.7670734855863783
Acc test 0.43229166
