train_acc = [0.52546, 0.54171956, 0.5512373, 0.5563928, 0.56884515, 0.57090735, 0.57899743, 0.5981123, 0.5891498, 0.60160214, 0.606599, 0.61508566, 0.615165, 0.62206537, 0.6202411, 0.6266656, 0.6255552, 0.6340419, 0.63729376, 0.6399112, 0.6392766, 0.6426872, 0.64459074, 0.64411485, 0.64244926, 0.65006346, 0.65046, 0.65870875, 0.65648794, 0.6611675, 0.65823287, 0.65958124, 0.66671956, 0.66552985, 0.6693369, 0.66449875, 0.66584706, 0.6657678, 0.66465735, 0.66997147, 0.67377853, 0.67298543, 0.6739372, 0.6762373, 0.6775063, 0.67417514, 0.67774427, 0.6751269, 0.6771098, 0.6783788]
valid_acc = [0.17838542, 0.17317708, 0.020833334, 0.2421875, 0.63151044, 0.102864586, 0.072916664, 0.53255206, 0.2591146, 0.57682294, 0.22135417, 0.096354164, 0.3736979, 0.26041666, 0.17708333, 0.34635416, 0.25, 0.26302084, 0.27864584, 0.1328125, 0.33984375, 0.17057292, 0.24609375, 0.14713542, 0.38671875, 0.2578125, 0.19921875, 0.36979166, 0.28515625, 0.3268229, 0.41927084, 0.5572917, 0.35677084, 0.328125, 0.3138021, 0.36197916, 0.26953125, 0.4609375, 0.32421875, 0.4361979, 0.2591146, 0.3763021, 0.52994794, 0.2981771, 0.45572916, 0.4296875, 0.1640625, 0.23307292, 0.4908854, 0.2981771]
train_loss = [0.7292449108235122, 0.6931437840921625, 0.6880880560971758, 0.6835112024079725, 0.6787970395862754, 0.676762826249079, 0.6724153158023273, 0.6674999516022387, 0.6666568629632746, 0.6625783446476544, 0.6599471069834559, 0.652369141881236, 0.6524887218088062, 0.6475151014812102, 0.6474871807897151, 0.6444799334264649, 0.643448693498137, 0.6387681322654492, 0.6374758149161557, 0.636254693953519, 0.6325195740322171, 0.6317765788378449, 0.6308222056040304, 0.6316102434535922, 0.6286571391947984, 0.6266846584184521, 0.6247640076627586, 0.6218362217627201, 0.621507477034167, 0.6182278309981835, 0.6185569475750028, 0.6166670074317661, 0.6129535981241216, 0.6128211239267727, 0.6119670235566076, 0.6133189376840736, 0.6106366153598437, 0.611856492491543, 0.6082275252656888, 0.6074307902815378, 0.6056817423571185, 0.6070671480924344, 0.6050848131857548, 0.6018303970092445, 0.5988422611038092, 0.6001853352875879, 0.5979418235684409, 0.5985663073317049, 0.5985431882935732, 0.5955769213928184]
valid_loss = [0.7747612645228704, 0.7582135746876398, 0.8713767826557159, 0.7618195911248525, 0.6678736507892609, 0.8889184445142746, 0.9170677612225214, 0.6930576215187708, 0.8126174410184225, 0.6801346838474274, 0.8676350216070811, 1.076549082994461, 0.790995309750239, 0.9143408288558325, 0.9991089105606079, 0.8579633434613546, 0.9366827805836996, 0.9458273698886236, 0.9099555015563965, 1.114546408255895, 0.8758144328991572, 1.122673104206721, 0.9898375670115153, 1.1361430287361145, 0.8536905646324158, 1.0278398841619492, 1.0998077541589737, 0.8961873302857081, 0.9994595150152842, 0.9124197363853455, 0.8619410792986552, 0.730340431133906, 0.918409580985705, 0.9562477072079977, 0.979521761337916, 0.9323105414708456, 1.0837829609711964, 0.8307598481575648, 1.0019051879644394, 0.8505721290906271, 1.1395995318889618, 0.9413556208213171, 0.7758249094088873, 1.0376454641421635, 0.8364906162023544, 0.8997836510340372, 1.3866033554077148, 1.1955733994642894, 0.8200647085905075, 1.120534857114156]
Score
Loss test 1.1873019867473178
Acc test 0.3159722
