train_acc = [0.5416402, 0.54386103, 0.5452094, 0.5525063, 0.55559963, 0.5674175, 0.5747145, 0.5827252, 0.5954156, 0.5983502, 0.60636103, 0.6096923, 0.61611676, 0.6255552, 0.6303934, 0.6458598, 0.64697015, 0.65751904, 0.6546637, 0.67417514, 0.6751269, 0.67488897, 0.67909265, 0.6886897, 0.6900381, 0.6941624, 0.7037595, 0.7112151, 0.7052665, 0.7138325, 0.71787757, 0.71875, 0.72660214, 0.72929883, 0.73683375, 0.73635787, 0.73516816, 0.7369131, 0.73849934, 0.7410374, 0.75364846, 0.75705904, 0.76213515, 0.7659423, 0.7593591, 0.7618972, 0.7640387, 0.77030456, 0.7669734, 0.7710977]
valid_acc = [0.009114583, 0.19921875, 0.096354164, 0.0, 0.17838542, 0.057291668, 0.122395836, 0.3893229, 0.40364584, 0.22916667, 0.22786458, 0.18489583, 0.15755208, 0.30989584, 0.4153646, 0.31640625, 0.098958336, 0.51692706, 0.14973958, 0.40234375, 0.42447916, 0.62369794, 0.31770834, 0.4075521, 0.62109375, 0.5807292, 0.41927084, 0.47135416, 0.5104167, 0.28645834, 0.3658854, 0.42708334, 0.51171875, 0.39322916, 0.52994794, 0.36979166, 0.2565104, 0.3111979, 0.29427084, 0.2734375, 0.4231771, 0.3736979, 0.62630206, 0.24739583, 0.4700521, 0.2513021, 0.4453125, 0.359375, 0.4609375, 0.4153646]
train_loss = [0.6892745997094866, 0.6879844514246519, 0.686073335294191, 0.6844197684133113, 0.6824663953127594, 0.6806916606607776, 0.6778814456789627, 0.674111305759643, 0.6708670064882578, 0.6674206117688096, 0.6624356789637338, 0.6596858631535835, 0.6542299362608623, 0.6503511851814192, 0.6450599456196509, 0.6401076005194998, 0.6349505649000255, 0.6268643128690381, 0.6235806306606622, 0.6118903417272616, 0.6068691732314637, 0.6040322608148991, 0.5996308597513866, 0.589645026298949, 0.5899116065598986, 0.5850509793927827, 0.5735081809426322, 0.5665396291592399, 0.5646850619521843, 0.5601082708932421, 0.5556945747832962, 0.5530457358977516, 0.543769037663029, 0.5403132087688156, 0.5335059175031439, 0.5369952929201465, 0.5323972394926294, 0.5288756291575843, 0.5214394933076074, 0.525119321449154, 0.5077510247678321, 0.507843154487271, 0.49300398847778437, 0.4942359024195502, 0.4986840410886077, 0.4939983236003043, 0.4902263330626609, 0.47948325935959213, 0.48321696147700854, 0.4762232954126929]
valid_loss = [0.7292947669823965, 0.7082495838403702, 0.7284277925888697, 0.8162602782249451, 0.733642558256785, 0.7727197607358297, 0.7708944529294968, 0.7228883902231852, 0.7236954271793365, 0.7787715097268423, 0.8094635208447775, 0.8434516390164694, 0.8907360037167867, 0.8104739934206009, 0.7480965356032053, 0.8307378739118576, 1.1026198665301006, 0.7041298002004623, 1.0811953743298848, 0.8137830197811127, 0.8235418498516083, 0.6221072574456533, 0.9525724997123083, 0.853011558453242, 0.6107139438390732, 0.6584995687007904, 0.8588634977738062, 0.8351220140854517, 0.7649016032616297, 1.1413608988126118, 0.9919035087029139, 0.8980298091967901, 0.7950616180896759, 0.9734961489836375, 0.7733157823483149, 1.0205202251672745, 1.3106936117013295, 1.209713101387024, 1.2731407980124156, 1.2536371449629466, 0.9996202190717062, 1.1430206100145976, 0.6299052635828654, 1.522697428862254, 0.8821346014738083, 1.515531341234843, 1.066837007800738, 1.2292198936144512, 0.9855172485113144, 1.1064280172189076]
Score
Loss test 1.144590867890252
Acc test 0.47916666
