train_acc = [0.5140387, 0.50959706, 0.52014595, 0.52506346, 0.5274429, 0.53220177, 0.53577095, 0.54394037, 0.5367227, 0.5522684, 0.5587722, 0.5559169, 0.5570273, 0.56361043, 0.56392765, 0.5592481, 0.5650381, 0.576618, 0.5764594, 0.57257295, 0.5774905, 0.58105963, 0.5845495, 0.57804567, 0.5858185, 0.5867703, 0.5924016, 0.58867383, 0.59414655, 0.5898636, 0.5906567, 0.5949397, 0.5962881, 0.6008883, 0.60334706, 0.6039023, 0.6061231, 0.6034264, 0.6059645, 0.6104061, 0.6077887, 0.60747147, 0.61270624, 0.60850257, 0.61199236, 0.6184169, 0.6150063, 0.6265863, 0.62357235, 0.61659265, 0.62357235, 0.62032044, 0.62460345, 0.62412757, 0.63507295, 0.6245241]
valid_acc = [0.140625, 0.095052086, 0.14322917, 0.23697917, 0.111979164, 0.110677086, 0.102864586, 0.2890625, 0.08984375, 0.23177083, 0.100260414, 0.118489586, 0.203125, 0.28515625, 0.24739583, 0.1875, 0.14583333, 0.25390625, 0.084635414, 0.14322917, 0.15755208, 0.17838542, 0.17838542, 0.14322917, 0.17838542, 0.123697914, 0.21614583, 0.17838542, 0.20963542, 0.15755208, 0.36197916, 0.19010417, 0.19661458, 0.19140625, 0.24869792, 0.3203125, 0.17838542, 0.20833333, 0.22526042, 0.20442708, 0.19791667, 0.22786458, 0.22395833, 0.24609375, 0.2578125, 0.24869792, 0.24479167, 0.20052083, 0.2669271, 0.24088542, 0.25, 0.23958333, 0.20703125, 0.24088542, 0.3111979, 0.24609375]
train_loss = [0.7601465059415943, 0.7382936925452372, 0.7260534064418773, 0.7169749515915885, 0.7092474172563117, 0.705673378433673, 0.7008149442333861, 0.6919281337466942, 0.6952208192820476, 0.6866436921400467, 0.6870217238585961, 0.6856801996981432, 0.6846067596813143, 0.6817133096874063, 0.6813665973353507, 0.6807627608328302, 0.6783231884089823, 0.6750622939337328, 0.675610351380963, 0.676073412907305, 0.674676379879114, 0.6713324694464049, 0.6711663364758952, 0.6724913906930062, 0.6697319939656912, 0.671120861157548, 0.6686490780205896, 0.6674474840841923, 0.6670536171966398, 0.6667327390709504, 0.6649144418953639, 0.6652688874205962, 0.6651066456954491, 0.6636741134115887, 0.6644850212910454, 0.6618192359275624, 0.6601077726649754, 0.660469205246359, 0.6593057997335637, 0.6583101150348102, 0.6595666801868961, 0.6580468022883846, 0.6564629604368646, 0.6570641713093985, 0.6569481582811036, 0.6542010933614625, 0.6542955328365267, 0.6523182882270232, 0.6516000074783558, 0.6518972797442208, 0.651025669223766, 0.6512255229925746, 0.6500282526621358, 0.6506588912857365, 0.6460613805025363, 0.6496500872113378]
valid_loss = [0.7792284985383352, 0.7987717986106873, 0.7779359370470047, 0.7536805321772894, 0.7903025348981222, 0.7938388536373774, 0.8067802041769028, 0.7405673315127691, 0.8041818886995316, 0.7619005193312963, 0.8077320158481598, 0.8034100433190664, 0.7727538595596949, 0.7493086457252502, 0.7590964386860529, 0.7770919948816299, 0.7963765313227972, 0.7541869133710861, 0.8280252565940222, 0.8027025361855825, 0.7922301044066747, 0.7868270526329676, 0.7891549666722616, 0.8033061275879542, 0.7878578652938207, 0.8195858895778656, 0.7728663285573324, 0.796363964676857, 0.7842941383520762, 0.8083730489015579, 0.7364449948072433, 0.79420106112957, 0.7834413299957911, 0.7958864271640778, 0.7730779051780701, 0.7524118274450302, 0.801327163974444, 0.7884187450011572, 0.7869118005037308, 0.7935714274644852, 0.7972550590833029, 0.7960210144519806, 0.7891649305820465, 0.7786342054605484, 0.7799678693215052, 0.7871842036644617, 0.7839630246162415, 0.8056745578845342, 0.7796397556861242, 0.7877877702315649, 0.7894520064194998, 0.7931412706772486, 0.809460406502088, 0.7980646838744482, 0.7690879156192144, 0.797523652513822]
Score
Loss test 0.7887393302387662
Acc test 0.30555555
