train_acc = [0.54171956, 0.54187816, 0.54187816, 0.54179883, 0.54171956, 0.54171956, 0.54179883, 0.54187816, 0.54179883, 0.54187816, 0.54171956, 0.54171956, 0.54171956, 0.54179883, 0.54187816, 0.54171956, 0.54187816, 0.54179883, 0.54187816, 0.54187816, 0.54179883, 0.54187816, 0.54179883, 0.54187816, 0.5419575, 0.5419575, 0.54187816, 0.54187816, 0.54179883, 0.54179883, 0.54179883, 0.54179883, 0.54179883, 0.54187816, 0.54179883, 0.5419575, 0.54179883, 0.54179883, 0.54187816, 0.54179883, 0.54171956, 0.54171956, 0.5419575, 0.54187816, 0.54179883]
valid_acc = [0.0, 0.0, 0.0, 0.0, 0.0, 0.0, 0.0, 0.0, 0.0, 0.0, 0.0, 0.0, 0.0, 0.0, 0.0, 0.0, 0.0, 0.0, 0.0, 0.0, 0.0, 0.0, 0.0, 0.0, 0.0, 0.0, 0.0, 0.0, 0.0, 0.0, 0.0, 0.0, 0.0, 0.0, 0.0, 0.0, 0.0, 0.0, 0.0, 0.0, 0.0, 0.0, 0.0, 0.0013020834, 0.0026041667]
train_loss = [0.6954585138311241, 0.6900128089837011, 0.6895143193036771, 0.6894244987347404, 0.6892986530579891, 0.6892402341523146, 0.6891542288857668, 0.6890576533254633, 0.6889914516265017, 0.6888745690360287, 0.6888349367882395, 0.6887479034172097, 0.6886679766141823, 0.6885693139836268, 0.6884590302627098, 0.6884377202406753, 0.6883064036441938, 0.6882378101954, 0.6881669786980915, 0.688067510043304, 0.6880123442804753, 0.6879323757239405, 0.6878468869301269, 0.6877657970801223, 0.6876675919227794, 0.6875938228544245, 0.687547293108732, 0.6874592503920425, 0.6873661818238079, 0.6873357749832463, 0.6872429726692626, 0.6871655652970832, 0.6870781948723769, 0.6870030225230958, 0.686931764111301, 0.6868384447194598, 0.6867839197822029, 0.6867082842110377, 0.6866283701155996, 0.6865727241874346, 0.6864875052786116, 0.6864259010039006, 0.6863159664391261, 0.6862393378606303, 0.6861985988423304]
valid_loss = [0.8332346181074778, 0.7932834625244141, 0.7847275684277216, 0.7819682608048121, 0.78776882092158, 0.7760728895664215, 0.7784754633903503, 0.7809345324834188, 0.7801531404256821, 0.7775246202945709, 0.7775735209385554, 0.7772111545006434, 0.7801719655593237, 0.7776466061671575, 0.7844561437765757, 0.7780545949935913, 0.7750391364097595, 0.7809341301520666, 0.7788276026646296, 0.7750200678904852, 0.7788838595151901, 0.7768925279378891, 0.7813324530919393, 0.7793408979972204, 0.7786722928285599, 0.7813781251509985, 0.7770393093427023, 0.777339369058609, 0.7837532510360082, 0.7777367532253265, 0.7781229615211487, 0.7809779644012451, 0.7818049242099127, 0.7791039099295934, 0.7773028115431467, 0.7824816703796387, 0.7768454353014628, 0.7760045081377029, 0.7787888447443644, 0.7767118414243063, 0.7809864729642868, 0.7761072417100271, 0.7790185759464899, 0.7753961533308029, 0.7756362209717432]
Score
Loss test 0.7822070055537753
Acc test 0.0
