train_acc = [0.5426713, 0.54171956, 0.54179883, 0.5419575, 0.54179883, 0.54187816, 0.54171956, 0.54179883, 0.5419575, 0.54179883, 0.54179883, 0.54187816, 0.54187816, 0.54187816, 0.54179883, 0.54171956, 0.54187816, 0.5419575, 0.54171956, 0.5419575, 0.54187816, 0.54179883, 0.54171956, 0.54179883, 0.54187816, 0.54179883, 0.54171956, 0.54187816, 0.54171956, 0.54187816, 0.54179883, 0.54187816, 0.54179883, 0.54187816, 0.54179883, 0.54171956, 0.54179883, 0.54187816, 0.54187816, 0.54179883, 0.54179883, 0.54179883, 0.54187816, 0.5419575, 0.54171956, 0.54179883, 0.54171956, 0.54187816, 0.54187816, 0.54187816]
valid_acc = [0.0, 0.0, 0.0, 0.0, 0.0, 0.0, 0.0, 0.0, 0.0, 0.0, 0.0, 0.0, 0.0, 0.0, 0.0, 0.0, 0.0, 0.0, 0.0, 0.0, 0.0, 0.0, 0.0, 0.0, 0.0, 0.0, 0.0, 0.0, 0.0, 0.0, 0.0, 0.0, 0.0, 0.0, 0.0, 0.0, 0.0, 0.0, 0.0, 0.0, 0.0, 0.0, 0.0, 0.0, 0.0, 0.0, 0.0, 0.0, 0.0, 0.0]
train_loss = [6.979206136035435, 7.02692370729398, 7.025707605526532, 7.023275271285004, 7.025707566798641, 7.024491423882809, 7.026923704873487, 7.0257075813216, 7.023275278546484, 7.025707605526532, 7.0257075813216, 7.02449146987218, 7.0244914311442885, 7.024491440826261, 7.025707603106039, 7.026923712134966, 7.024491423882809, 7.0232752398185925, 7.026923714555459, 7.023275293069442, 7.024491450508234, 7.0257075813216, 7.026923714555459, 7.025707578901107, 7.024491443246754, 7.0257075837420935, 7.026923750862857, 7.024491440826261, 7.026923748442364, 7.024491389995904, 7.025707571639628, 7.0244914480877405, 7.025707569219134, 7.024491428723795, 7.025707598265052, 7.026923733919405, 7.025707617628998, 7.024491426303302, 7.0244914311442885, 7.025707603106039, 7.025707598265052, 7.025707612788011, 7.024491460190206, 7.023275278546484, 7.026923741180885, 7.025707612788011, 7.026923731498912, 7.024491465031193, 7.024491421462316, 7.0244914311442885]
valid_loss = [15.33323860168457, 15.33323860168457, 15.33323860168457, 15.33323860168457, 15.33323860168457, 15.33323860168457, 15.33323860168457, 15.33323860168457, 15.33323860168457, 15.33323860168457, 15.33323860168457, 15.33323860168457, 15.33323860168457, 15.33323860168457, 15.33323860168457, 15.33323860168457, 15.33323860168457, 15.33323860168457, 15.33323860168457, 15.33323860168457, 15.33323860168457, 15.33323860168457, 15.33323860168457, 15.33323860168457, 15.33323860168457, 15.33323860168457, 15.33323860168457, 15.33323860168457, 15.33323860168457, 15.33323860168457, 15.33323860168457, 15.33323860168457, 15.33323860168457, 15.33323860168457, 15.33323860168457, 15.33323860168457, 15.33323860168457, 15.33323860168457, 15.33323860168457, 15.33323860168457, 15.33323860168457, 15.33323860168457, 15.33323860168457, 15.33323860168457, 15.33323860168457, 15.33323860168457, 15.33323860168457, 15.33323860168457, 15.33323860168457, 15.33323860168457]
Score
Loss test 15.33323860168457
Acc test 0.0
