train_acc = [0.54116434, 0.54171956, 0.5421161, 0.54179883, 0.54203683, 0.5444956, 0.54497147, 0.5490958, 0.55020624, 0.5521098, 0.55322015, 0.55139595, 0.56583124, 0.56329316, 0.5739213, 0.57836294, 0.5802665, 0.5891498, 0.5906567, 0.5973192, 0.605092, 0.6150063, 0.6146098, 0.62793463, 0.629283, 0.63459706, 0.6384042, 0.6444321, 0.64395624, 0.6535533, 0.66021574, 0.65886736, 0.6671161, 0.66790926, 0.67330265, 0.67599934, 0.6794892, 0.6869448, 0.6909105, 0.6941624, 0.69725573, 0.7047113, 0.7083598, 0.71018404, 0.71613264, 0.7262056, 0.7273953, 0.72699875, 0.734375, 0.737151, 0.7455584, 0.74532044, 0.75126904, 0.75682104]
valid_acc = [0.0, 0.0, 0.0, 0.0, 0.0, 0.0, 0.014322917, 0.122395836, 0.01171875, 0.0026041667, 0.0013020834, 0.02734375, 0.015625, 0.27083334, 0.16276042, 0.078125, 0.020833334, 0.1171875, 0.15234375, 0.24609375, 0.2565104, 0.18229167, 0.25, 0.125, 0.23046875, 0.22786458, 0.15104167, 0.21484375, 0.53125, 0.34375, 0.34765625, 0.30859375, 0.38541666, 0.47135416, 0.50130206, 0.37890625, 0.41666666, 0.2799479, 0.38020834, 0.41796875, 0.36458334, 0.32291666, 0.39322916, 0.41927084, 0.40104166, 0.375, 0.3450521, 0.40234375, 0.41796875, 0.51432294, 0.55859375, 0.51692706, 0.44270834, 0.37760416]
train_loss = [0.6969112036796996, 0.6891595812013307, 0.6881547482485698, 0.6871161951026336, 0.686344632945085, 0.6854837237275796, 0.6850838549246038, 0.6839361063720006, 0.6833833434860114, 0.6824809579074685, 0.6816740871080892, 0.6807478448461155, 0.6794358746049368, 0.6785252103345648, 0.6772991252429594, 0.6762451211813137, 0.6746841732620588, 0.6733594914983372, 0.6715803497333817, 0.6700262012820558, 0.6678609990226436, 0.6655314283322562, 0.6635730641747489, 0.6606467968316247, 0.6577725613177731, 0.6547954838893135, 0.6513573857128317, 0.648159479429274, 0.6444996168770766, 0.6399142996308768, 0.6353084384487365, 0.6316695894081581, 0.6263876675349201, 0.6221942190591454, 0.6171222516727931, 0.6125500716533757, 0.6071894525876506, 0.6026722707119084, 0.5976750823446941, 0.5926696192189521, 0.5872384088898673, 0.5822839836783821, 0.5759010333095105, 0.5710913725008214, 0.5660826090326164, 0.5597908844802585, 0.5553041667805105, 0.5475393930062424, 0.5426568845806993, 0.5366359427193095, 0.5310269872549221, 0.5261496565668716, 0.5188302432522556, 0.5126362019383968]
valid_loss = [0.8279038369655609, 0.7786247084538142, 0.7884441067775091, 0.7667682617902756, 0.7856136610110601, 0.8288718809684118, 0.7587475776672363, 0.7330558151006699, 0.7728630006313324, 0.8153992295265198, 0.8096785446008047, 0.77943916618824, 0.7963001330693563, 0.7335130472977957, 0.7524739553531011, 0.7845882028341293, 0.8225211600462595, 0.7821189314126968, 0.7776775608460108, 0.7533070594072342, 0.7596471508344015, 0.7879909525314966, 0.771545355518659, 0.8397753189007441, 0.7947678019603094, 0.8074547698100408, 0.8642668624718984, 0.833846315741539, 0.701118657986323, 0.787011961142222, 0.8045893758535385, 0.8239790399869283, 0.7875093817710876, 0.7463663468758265, 0.7340813924868902, 0.8261449734369913, 0.808473120133082, 0.9544616937637329, 0.8690639138221741, 0.8308434635400772, 0.9113924652338028, 0.9554526557524999, 0.8707511474688848, 0.8602049648761749, 0.9117765376965205, 0.940221294760704, 0.982485348979632, 0.925205205877622, 0.9182673146327337, 0.795202429095904, 0.7276486506064733, 0.7871698886156082, 0.9116465896368027, 1.0440639803806941]
Score
Loss test 1.0624372561772664
Acc test 0.390625
