train_acc = [0.5383883, 0.5490165, 0.56059647, 0.5581377, 0.56583124, 0.58042514, 0.5866117, 0.589467, 0.6003331, 0.60977155, 0.60929567, 0.6196066, 0.61524427, 0.62373096, 0.629283, 0.6309486, 0.63935596, 0.64102155, 0.6404664, 0.64514595, 0.6471288, 0.64665294, 0.648953, 0.6540292, 0.6560914, 0.65886736, 0.65918463, 0.66679883, 0.6637849, 0.6546637, 0.6638642, 0.66568846, 0.6616434, 0.6713991, 0.66584706, 0.67520624, 0.6706853, 0.6798065, 0.66497463, 0.680203, 0.679172, 0.67758566, 0.6771891, 0.6795685, 0.683217, 0.68297905, 0.6857551, 0.6803617, 0.68353426, 0.6940831]
valid_acc = [0.19010417, 0.0625, 0.015625, 0.041666668, 0.296875, 0.2955729, 0.022135416, 0.20052083, 0.46875, 0.19270833, 0.24609375, 0.1875, 0.15494792, 0.3984375, 0.44921875, 0.28645834, 0.2513021, 0.23046875, 0.3111979, 0.46875, 0.3372396, 0.3046875, 0.20052083, 0.32421875, 0.35677084, 0.53776044, 0.36328125, 0.3606771, 0.3658854, 0.37890625, 0.3671875, 0.21223958, 0.35677084, 0.3606771, 0.375, 0.27864584, 0.2578125, 0.41796875, 0.33072916, 0.29166666, 0.38802084, 0.23828125, 0.3763021, 0.34114584, 0.50390625, 0.3502604, 0.4375, 0.3671875, 0.34895834, 0.4231771]
train_loss = [0.707379417976147, 0.6864664421468822, 0.6834071702158391, 0.6824694475546706, 0.6794307967127883, 0.6712116172471022, 0.6691966680100727, 0.6682009294553457, 0.6622182015840172, 0.6571275628157679, 0.6552606007169346, 0.6509804541084367, 0.6502917702427975, 0.6456042848867813, 0.6457458583231505, 0.6419661169124738, 0.6386562909571653, 0.6362285045197773, 0.6355484494097947, 0.6319505487601769, 0.6310809584438498, 0.6264961189424931, 0.6300878869700552, 0.6241929089357405, 0.6211560108334885, 0.6202628312982278, 0.6202469425758129, 0.6143085430116217, 0.6160642577306873, 0.6179598805868081, 0.6138505745055106, 0.6136563964906683, 0.6105518667831034, 0.6077821402985433, 0.6110345603245769, 0.6052420959254812, 0.6072155716758089, 0.6013727844669129, 0.6059563533606263, 0.5987493014577682, 0.6006387540229081, 0.598217683697715, 0.5999707697611775, 0.595020470885456, 0.5964876119860538, 0.5932718811906533, 0.5935443016478252, 0.59631489890481, 0.5921858015096733, 0.5835428791602856]
valid_loss = [0.7563180973132452, 0.8135004291931788, 0.8728134880463282, 0.8465833018223444, 0.761127308011055, 0.7689227312803268, 1.0549477835496266, 0.8170213798681895, 0.7226691792408625, 0.9119260857502619, 0.8682943334182104, 0.931760773062706, 1.0178424715995789, 0.7872506082057953, 0.7326871454715729, 0.8867841710646948, 0.94584787885348, 0.9666877339283625, 0.8828230301539103, 0.743895893295606, 0.907747154434522, 0.9244082768758138, 1.085991640885671, 0.9270129551490148, 0.8925775935252508, 0.7138409117857615, 0.9100136905908585, 0.8781231741110483, 0.8862673491239548, 0.8835783253113428, 0.8999744802713394, 1.1509589453538258, 0.938295712073644, 0.932615801692009, 0.9162910729646683, 1.067246566216151, 1.0808924933274586, 0.8547879805167516, 0.9579157928625742, 1.0305892924467723, 0.9545327474673589, 1.1652459303538005, 0.9693093846241633, 1.0006450861692429, 0.7821350445350012, 0.9916349848111471, 0.8847465564807256, 0.9935170859098434, 1.0205755978822708, 0.8964576621850332]
Score
Loss test 0.9456695318222046
Acc test 0.4409722
