train_acc = [0.53426397, 0.54179883, 0.54187816, 0.54203683, 0.5419575, 0.54282993, 0.54386103, 0.54576457, 0.55084074, 0.5543306, 0.5636897, 0.57177985, 0.5769353, 0.58224934, 0.5883566, 0.59858817, 0.6012056, 0.61135787, 0.61643404, 0.6212722, 0.62460345, 0.6312659, 0.6390387, 0.6411009, 0.6487151, 0.65022206, 0.6583915, 0.6656091, 0.6627538, 0.67005074, 0.67639595, 0.6757614, 0.6773477, 0.68282044, 0.6897208, 0.6897208, 0.6937659, 0.70233184, 0.7069321, 0.7097874, 0.7123255, 0.7190673, 0.72120875, 0.7263642]
valid_acc = [0.0, 0.0, 0.0, 0.0, 0.00390625, 0.0, 0.08984375, 0.010416667, 0.0026041667, 0.0625, 0.03515625, 0.010416667, 0.044270832, 0.03515625, 0.17447917, 0.16536458, 0.063802086, 0.33984375, 0.44140625, 0.1015625, 0.3763021, 0.29947916, 0.2890625, 0.4231771, 0.15104167, 0.38802084, 0.4453125, 0.49479166, 0.32552084, 0.35546875, 0.4205729, 0.4388021, 0.3671875, 0.4518229, 0.22265625, 0.39453125, 0.5364583, 0.43229166, 0.41666666, 0.32552084, 0.44140625, 0.42578125, 0.3450521, 0.38802084]
train_loss = [0.6911549156692427, 0.6878879309305684, 0.6872912500110374, 0.6863389931959549, 0.6855930761637421, 0.6847234035506466, 0.6834651927657539, 0.6826831852724105, 0.6815110366356555, 0.6800452588778462, 0.6789398262948554, 0.6772686521413968, 0.6758898587396303, 0.6740871265454946, 0.6723924860131317, 0.6706338482459789, 0.6683342995377362, 0.6658812567667307, 0.6633638748662726, 0.660861929963688, 0.6584863417644791, 0.6548440271827776, 0.6515402418707833, 0.6477964962194414, 0.6440754057792237, 0.6407084334925347, 0.6357125857759853, 0.6311950620055804, 0.6276374589368171, 0.6221122151704004, 0.6168136505911193, 0.6126586101987035, 0.6084326312021555, 0.6032106537504245, 0.5986715603600904, 0.5942047574193344, 0.5897743656550567, 0.5841888656773543, 0.578804237588408, 0.5743718995963256, 0.5691335351031444, 0.5641438762851173, 0.5584856326204871, 0.5530883774236979]
valid_loss = [0.8057834208011627, 0.7602470715840658, 0.7781705061594645, 0.748164306084315, 0.7500151097774506, 0.7716011703014374, 0.7363699078559875, 0.7713495492935181, 0.7887755831082662, 0.7651021977265676, 0.7808358122905096, 0.825547789533933, 0.7986750155687332, 0.8201511949300766, 0.7730319797992706, 0.7863361537456512, 0.8404923975467682, 0.7430719584226608, 0.7238730738560358, 0.8529824962218603, 0.7496334860722224, 0.7872418860594431, 0.8021407077709833, 0.7416490415732065, 0.9079342385133108, 0.777132660150528, 0.7455784976482391, 0.7280576179424921, 0.8417383035024008, 0.823160782456398, 0.7993460943301519, 0.7777734845876694, 0.838532899816831, 0.7885283927122752, 1.0668273717164993, 0.8493640820185343, 0.7241273572047552, 0.8220381289720535, 0.8357587605714798, 0.9828247278928757, 0.8282185892264048, 0.8803840577602386, 0.9818814794222513, 0.9454044799009959]
Score
Loss test 0.9484902554088168
Acc test 0.40104166
