train_acc = [0.5415609, 0.54179883, 0.54179883, 0.54171956, 0.54171956, 0.54179883, 0.54179883, 0.54187816, 0.54179883, 0.54179883, 0.54179883, 0.54187816, 0.54171956, 0.54179883, 0.54171956, 0.54179883, 0.54179883, 0.5419575, 0.54171956, 0.54179883, 0.54171956, 0.54179883, 0.54179883, 0.54179883, 0.54171956, 0.54179883, 0.54179883, 0.54187816, 0.54179883, 0.5419575, 0.54171956, 0.54179883, 0.54171956, 0.5419575, 0.54187816, 0.54187816, 0.54179883, 0.54179883, 0.54171956, 0.54179883, 0.54179883, 0.54171956, 0.54179883, 0.54179883, 0.54171956, 0.54179883, 0.54179883, 0.54171956, 0.5419575, 0.54179883]
valid_acc = [0.0, 0.0, 0.0, 0.0, 0.0, 0.0, 0.0, 0.0, 0.0, 0.0, 0.0, 0.0, 0.0, 0.0, 0.0, 0.0, 0.0, 0.0, 0.0, 0.0, 0.0, 0.0, 0.0, 0.0, 0.0, 0.0, 0.0, 0.0, 0.0, 0.0, 0.0, 0.0, 0.0, 0.0, 0.0, 0.0, 0.0, 0.0, 0.0, 0.0, 0.0, 0.0, 0.0, 0.0, 0.0, 0.0, 0.0, 0.0, 0.0, 0.0]
train_loss = [6.9985759739343285, 7.0257075813216, 7.025707603106039, 7.026923743601378, 7.026923704873487, 7.025707554696175, 7.025707542593709, 7.024491443246754, 7.025707559537161, 7.025707586162587, 7.025707578901107, 7.024491406939356, 7.026923731498912, 7.025707595844559, 7.026923731498912, 7.025707557116668, 7.025707603106039, 7.023275266444017, 7.026923729078419, 7.025707586162587, 7.026923731498912, 7.025707549855189, 7.025707617628998, 7.025707557116668, 7.026923762965323, 7.025707593424066, 7.025707591003573, 7.024491416621329, 7.02570758858308, 7.023275254341551, 7.026923714555459, 7.025707605526532, 7.026923680668555, 7.023275280966977, 7.024491443246754, 7.0244914117803425, 7.025707593424066, 7.025707586162587, 7.026923692771021, 7.025707595844559, 7.025707578901107, 7.026923731498912, 7.025707598265052, 7.025707598265052, 7.026923714555459, 7.025707605526532, 7.025707542593709, 7.026923738760392, 7.023275300330922, 7.025707566798641]
valid_loss = [15.33323860168457, 15.33323860168457, 15.33323860168457, 15.33323860168457, 15.33323860168457, 15.33323860168457, 15.33323860168457, 15.33323860168457, 15.33323860168457, 15.33323860168457, 15.33323860168457, 15.33323860168457, 15.33323860168457, 15.33323860168457, 15.33323860168457, 15.33323860168457, 15.33323860168457, 15.33323860168457, 15.33323860168457, 15.33323860168457, 15.33323860168457, 15.33323860168457, 15.33323860168457, 15.33323860168457, 15.33323860168457, 15.33323860168457, 15.33323860168457, 15.33323860168457, 15.33323860168457, 15.33323860168457, 15.33323860168457, 15.33323860168457, 15.33323860168457, 15.33323860168457, 15.33323860168457, 15.33323860168457, 15.33323860168457, 15.33323860168457, 15.33323860168457, 15.33323860168457, 15.33323860168457, 15.33323860168457, 15.33323860168457, 15.33323860168457, 15.33323860168457, 15.33323860168457, 15.33323860168457, 15.33323860168457, 15.33323860168457, 15.33323860168457]
Score
Loss test 15.33323860168457
Acc test 0.0
