train_acc = [0.54179883, 0.5422748, 0.5422748, 0.54179883, 0.54219544, 0.5426713, 0.54560596, 0.5456853, 0.54592323, 0.5492544, 0.55512375, 0.55663073, 0.56955904, 0.5686072, 0.5760628, 0.59081537, 0.59248096, 0.5974778, 0.6111199, 0.6159581, 0.6217481, 0.6296002, 0.6326935, 0.6409423, 0.64054567, 0.64950824, 0.65823287, 0.6604537, 0.6637056, 0.66925764, 0.6750476, 0.6757614, 0.6809169, 0.6830584, 0.6882138, 0.68892765, 0.6970178, 0.6941624, 0.70019037, 0.7083598, 0.71137375, 0.7200984, 0.7204156, 0.72390544, 0.7289023, 0.73524743, 0.73667514, 0.7465895, 0.74754125, 0.7521415, 0.75705904, 0.7590419, 0.7638801, 0.7662595, 0.7737151, 0.7732392]
valid_acc = [0.0013020834, 0.0, 0.032552082, 0.00390625, 0.0, 0.0026041667, 0.0078125, 0.00390625, 0.0026041667, 0.0013020834, 0.0546875, 0.061197918, 0.015625, 0.075520836, 0.1875, 0.12109375, 0.1328125, 0.23307292, 0.04296875, 0.39583334, 0.3424479, 0.23958333, 0.32421875, 0.3111979, 0.41145834, 0.24088542, 0.43489584, 0.31640625, 0.36328125, 0.1953125, 0.55598956, 0.31510416, 0.44010416, 0.3346354, 0.17708333, 0.4609375, 0.48697916, 0.48958334, 0.47395834, 0.3997396, 0.4544271, 0.4375, 0.4622396, 0.3971354, 0.4049479, 0.32552084, 0.3971354, 0.42708334, 0.40885416, 0.52734375, 0.3736979, 0.28515625, 0.3893229, 0.4466146, 0.44140625, 0.39583334]
train_loss = [0.6890686789745002, 0.6882584576074242, 0.6872778356377849, 0.6872172252780895, 0.6858179166837393, 0.6851447859996467, 0.6843403895494297, 0.6831819905242339, 0.6823320198180106, 0.6814134683705828, 0.6803151139147996, 0.6789087780235987, 0.6776645949044203, 0.6763220042141561, 0.6746077407435113, 0.6728387535526063, 0.6707816084629388, 0.6689400933115616, 0.6664027744138301, 0.6637689477296045, 0.6610715225868419, 0.6580052345537292, 0.654745386941784, 0.6510671165388853, 0.6471041356246483, 0.643074793561461, 0.6389804706355642, 0.6339873132971943, 0.6299783729659725, 0.6245743193602199, 0.6194659695407461, 0.6150920345698516, 0.6093475673404442, 0.6043864782086483, 0.6000158145342986, 0.5953746743613694, 0.5904632694830144, 0.5856637862430611, 0.5812423398652052, 0.5750416679128172, 0.5713072348064577, 0.5649489798219071, 0.5598205396064042, 0.5542950415369218, 0.5484438090760091, 0.542861824410821, 0.5378834974342191, 0.5303786165520624, 0.5244132554168024, 0.5193365570252317, 0.5133910129215512, 0.5070663965898117, 0.5015456968455145, 0.4951555709245846, 0.489307712782458, 0.48299619116758935]
valid_loss = [0.7608771771192551, 0.8244543075561523, 0.7378969291845957, 0.7634635418653488, 0.795545314749082, 0.7789315531651179, 0.7731585701306661, 0.7855032980442047, 0.8147904723882675, 0.809413269162178, 0.7683866520722707, 0.774686207373937, 0.8117935707171758, 0.7873107542594274, 0.7621767222881317, 0.7890483438968658, 0.7962139795223871, 0.7726623266935349, 0.8655593941609064, 0.7322326054175695, 0.7552660703659058, 0.8091698189576467, 0.7778188188870748, 0.7863117506106695, 0.752085343003273, 0.8512937674919764, 0.7458307445049286, 0.8356387317180634, 0.7956191698710123, 0.9553173730770746, 0.689033622543017, 0.8841620484987894, 0.7867915680011114, 0.8982518017292023, 1.1242497364679973, 0.7914726187785467, 0.7573497692743937, 0.762582336862882, 0.7903398523728052, 0.8677395135164261, 0.8118431319793066, 0.8420656820138296, 0.810136949022611, 0.9203402002652487, 0.9129211008548737, 1.0561604301134746, 0.9693050483862559, 0.9406469265619913, 0.9464465081691742, 0.7769002368052801, 1.052749405304591, 1.225056787331899, 1.0307134538888931, 0.9429477949937185, 0.9750866542259852, 1.0543408393859863]
Score
Loss test 1.0591229399045308
Acc test 0.44270834
