train_acc = [0.5348192, 0.546875, 0.56987625, 0.5834391, 0.5971605, 0.6013642, 0.6174651, 0.62047905, 0.6361834, 0.64847714, 0.6545051, 0.6596605, 0.6822652, 0.67163706, 0.69154507, 0.698842, 0.6955108, 0.704632, 0.711453, 0.72120875, 0.72866434, 0.7372303, 0.7369131, 0.74809647, 0.7603109, 0.74809647, 0.74857235, 0.76110405, 0.76602155, 0.77522206, 0.7778395, 0.7809327, 0.7819638, 0.7867227, 0.7902126, 0.79179883, 0.79560596, 0.80020624, 0.80464786, 0.8101206, 0.80797905, 0.8108344, 0.8160692, 0.8259042, 0.8293147]
valid_acc = [0.0013020834, 0.079427086, 0.38802084, 0.296875, 0.7942708, 0.28645834, 0.50911456, 0.15104167, 0.09765625, 0.7369792, 0.58723956, 0.55598956, 0.046875, 0.19140625, 0.45572916, 0.2265625, 0.31510416, 0.53125, 0.38541666, 0.79817706, 0.6796875, 0.079427086, 0.52994794, 0.61067706, 0.25390625, 0.56119794, 0.37760416, 0.4765625, 0.5052083, 0.23046875, 0.61328125, 0.3216146, 0.70442706, 0.4049479, 0.45052084, 0.28645834, 0.65755206, 0.4231771, 0.4309896, 0.40364584, 0.2721354, 0.4908854, 0.23958333, 0.58723956, 0.20703125]
train_loss = [0.6903193042363007, 0.6848913291989244, 0.6789630206708376, 0.671677706507862, 0.665533111785269, 0.6608132465841806, 0.6522299992251517, 0.6481553077092631, 0.6381950853439757, 0.6295824462387163, 0.6201111365695895, 0.6129977346071737, 0.6003995170145471, 0.5997528167545493, 0.5840876916338344, 0.5773683405164535, 0.5752678748012194, 0.5740290712281532, 0.5614656999631582, 0.545929292585644, 0.5378816448492447, 0.5329180996732663, 0.5328623800713399, 0.5117926270828634, 0.5077627854903942, 0.5112223738643724, 0.50587022319663, 0.4906891372603208, 0.4858883676795185, 0.47800838236276266, 0.47075924458842594, 0.46315392882085693, 0.4645726701934931, 0.45191678465320373, 0.44579473364776767, 0.4425179829754805, 0.43261747735405937, 0.4335336344798809, 0.42234586413741715, 0.41616820517530295, 0.41943027570768054, 0.4116471423412943, 0.4056719530960025, 0.3896172707758579, 0.3893231021117438]
valid_loss = [0.7683138797680537, 0.7588784694671631, 0.7202682246764501, 0.7630680551131567, 0.5915028403202692, 0.7896557549635569, 0.6991627713044485, 0.9718246509631475, 1.1664715309937794, 0.5504886905352274, 0.6536031613747278, 0.6895875831445059, 1.690664380788803, 1.1567420562108357, 0.7993549108505249, 1.1619110107421875, 1.0467853744824727, 0.6927999953428904, 0.9664384524027506, 0.4285709212223689, 0.5666526754697164, 2.2838832437992096, 0.7771710852781931, 0.6628058403730392, 1.545704871416092, 0.7624965955813726, 1.1270539661248524, 0.9441734651724497, 0.8947708010673523, 1.7980730533599854, 0.7836882720390955, 1.637111763159434, 0.5532025173306465, 1.2720506936311722, 1.1149598509073257, 1.57855490843455, 0.6794857829809189, 1.2861315409342449, 1.1674903432528179, 1.494523137807846, 1.995914359887441, 1.1659535268942516, 2.6559550960858664, 0.8845551908016205, 2.911748727162679]
Score
Loss test 2.8572211265563965
Acc test 0.25694445
