train_acc = [0.54179883, 0.54187816, 0.54179883, 0.54235405, 0.5422748, 0.54179883, 0.5437817, 0.54282993, 0.5433058, 0.545368, 0.546875, 0.5506821, 0.54814404, 0.5601206, 0.5575825, 0.5618655, 0.56765544, 0.5689245, 0.57820433, 0.58209074, 0.5881187, 0.58486676, 0.5943052, 0.5943052, 0.5973192, 0.59961927, 0.606599, 0.60215735, 0.6141339, 0.6137373, 0.6110406, 0.6169099, 0.62357235, 0.62539655, 0.6353109, 0.63380396, 0.63983184, 0.6403077, 0.6379283, 0.64467007]
valid_acc = [0.0, 0.0, 0.0, 0.0, 0.0, 0.0026041667, 0.0, 0.0, 0.0026041667, 0.087239586, 0.0, 0.08984375, 0.0234375, 0.048177082, 0.23958333, 0.0078125, 0.041666668, 0.03515625, 0.0234375, 0.1484375, 0.01953125, 0.040364582, 0.083333336, 0.0078125, 0.020833334, 0.03515625, 0.06640625, 0.065104164, 0.119791664, 0.18489583, 0.40625, 0.40234375, 0.33854166, 0.28645834, 0.3059896, 0.20703125, 0.15625, 0.32552084, 0.27734375, 0.30859375]
train_loss = [0.6910974232073362, 0.6891054078407094, 0.6879153227443018, 0.6872906733285352, 0.6866820578647749, 0.6861515462701091, 0.6860987982774144, 0.6855043299912196, 0.6847474950219169, 0.6841847382221126, 0.6835929152324115, 0.6829536669145381, 0.6821163218033496, 0.6814577624882538, 0.6810379663699775, 0.679917997515141, 0.6788426661854468, 0.678139791270803, 0.6770828245254943, 0.6762085814161349, 0.6742428474619909, 0.6737414961538944, 0.6721963737216697, 0.6714753868616172, 0.669624344346487, 0.6696509894380714, 0.6672701835632324, 0.6659692350377892, 0.663820811637162, 0.6617943686882252, 0.6608972655335054, 0.6576661509910816, 0.6563093871029501, 0.6546579472304601, 0.6494359740145921, 0.6484609981478774, 0.6443763414615302, 0.6426473904382154, 0.6406630492452438, 0.6378277158979232]
valid_loss = [0.7704900950193405, 0.7476209749778112, 0.7845807174841563, 0.800079420208931, 0.800272931655248, 0.7599189976851145, 0.7923460503419241, 0.8263894021511078, 0.7697579115629196, 0.7373986144860586, 0.8043656051158905, 0.7446964581807455, 0.7716905325651169, 0.7642045517762502, 0.7315614968538284, 0.8251596043507258, 0.7876164416472117, 0.802891880273819, 0.8194862951834997, 0.7705933600664139, 0.8460491398970286, 0.8458074579636256, 0.8172706911961237, 0.9274261146783829, 0.9028881788253784, 0.903526688615481, 0.877682680884997, 0.8856299072504044, 0.8592640856901804, 0.8255142271518707, 0.740677073597908, 0.7491883138815562, 0.7691243141889572, 0.796508381764094, 0.7966345498959223, 0.8685676554838816, 0.919141078988711, 0.8109444230794907, 0.844253400961558, 0.8311518530050913]
Score
Loss test 0.8043421970473396
Acc test 0.375
