train_acc = [0.52062184, 0.5368813, 0.53624684, 0.54116434, 0.5412437, 0.54132295, 0.53965735, 0.54084706, 0.5414816, 0.539578, 0.5437817, 0.5421161, 0.544099, 0.54203683, 0.5475095, 0.5490958, 0.5521098, 0.5577411, 0.5609137, 0.56614846, 0.5721764, 0.5752697, 0.58296317, 0.58367705, 0.5867703, 0.60152286, 0.6039816, 0.61334074, 0.620717, 0.6303934, 0.6339626, 0.6400698, 0.64681154, 0.6496669, 0.6565673, 0.6681472, 0.6684645, 0.67274743, 0.68131346, 0.6840895, 0.69233817, 0.69202095]
valid_acc = [0.40885416, 0.28645834, 0.0, 0.0, 0.0, 0.0, 0.0, 0.0, 0.0, 0.0, 0.0, 0.0, 0.01953125, 0.0, 0.0, 0.171875, 0.5104167, 0.016927084, 0.018229166, 0.0026041667, 0.15104167, 0.057291668, 0.111979164, 0.09765625, 0.069010414, 0.35546875, 0.43359375, 0.088541664, 0.1171875, 0.3684896, 0.15494792, 0.14322917, 0.4140625, 0.4596354, 0.33072916, 0.22395833, 0.2825521, 0.22786458, 0.41796875, 0.4674479, 0.296875, 0.27604166]
train_loss = [0.7216489366468439, 0.6906451201680953, 0.6906837724187047, 0.6900797331998796, 0.6893002914293164, 0.6891759558377533, 0.6888856249412304, 0.6889994223105725, 0.6887091077523788, 0.6891310853401417, 0.6880757654378862, 0.6881473394214804, 0.6873068485768313, 0.6863523110520416, 0.686413098712863, 0.6861727709697588, 0.6847395524760793, 0.6837812026745171, 0.6829075559141672, 0.6813627333205363, 0.6794019556287582, 0.67651411966624, 0.673557994026823, 0.6735603630845317, 0.6693968542941331, 0.6659399325472449, 0.6604061048042956, 0.6549059207064246, 0.6501999240236234, 0.6426297185687244, 0.6382370657727198, 0.6342011169733734, 0.6279914938858923, 0.6205140491427504, 0.6181677637366474, 0.6101048954852342, 0.607648715755056, 0.6021389288043008, 0.5956161879948553, 0.5901517957297678, 0.5862951007893848, 0.5819048630404593]
valid_loss = [0.6977135638395945, 0.7004471073547999, 0.762489010890325, 0.7923971364895502, 0.8043595999479294, 0.7868389139572779, 0.796906312306722, 0.7568592975536982, 0.7516016364097595, 0.7795305252075195, 0.7858538180589676, 0.7902961075305939, 0.741505558292071, 0.9257403910160065, 0.8561943819125494, 0.734103058775266, 0.6959694971640905, 0.7946889201800028, 0.8126304348309835, 0.9179254124561945, 0.7902820706367493, 0.8767826904853185, 0.8752463658650717, 0.895799458026886, 0.971929465730985, 0.7703709801038107, 0.7427554676930109, 1.0884793599446614, 1.0978055099646251, 0.8195351511240005, 1.148102045059204, 1.1977613270282745, 0.8415782153606415, 0.7923999726772308, 0.9985771228869756, 1.235825777053833, 1.1604725619157155, 1.3736827671527863, 0.9267040292421976, 0.8949928333361944, 1.158726528286934, 1.1954492330551147]
Score
Loss test 1.2064385281668768
Acc test 0.2951389
