train_acc = [0.5203839, 0.5531409, 0.56702095, 0.5834391, 0.5953363, 0.6031091, 0.61342007, 0.61992383, 0.6358661, 0.63554883, 0.6409423, 0.6455425, 0.6529981, 0.6601364, 0.66838515, 0.6735406, 0.67861676, 0.6827411, 0.6868655, 0.6924175, 0.6951935, 0.6970178, 0.70272845, 0.7097081, 0.7124841, 0.71581537, 0.72239846, 0.72430205, 0.72755396, 0.7291402, 0.73532677, 0.7360406, 0.7382614, 0.7461136, 0.74262375, 0.7479378, 0.7532519, 0.7498414, 0.75586927, 0.75927985, 0.76316625, 0.76538706, 0.76570433, 0.7677665]
valid_acc = [0.3606771, 0.14583333, 0.16276042, 0.29427084, 0.033854168, 0.2799479, 0.42708334, 0.328125, 0.22135417, 0.20052083, 0.49739584, 0.46875, 0.33203125, 0.2669271, 0.2825521, 0.203125, 0.44140625, 0.28385416, 0.5364583, 0.24479167, 0.3763021, 0.30989584, 0.3346354, 0.3125, 0.4140625, 0.39453125, 0.28125, 0.3736979, 0.41796875, 0.41666666, 0.3294271, 0.2877604, 0.3815104, 0.2981771, 0.25, 0.37239584, 0.3424479, 0.45833334, 0.48697916, 0.44791666, 0.3059896, 0.5234375, 0.3424479, 0.4765625]
train_loss = [0.7211736316608294, 0.6878600229466627, 0.6771035869109449, 0.6705742620574642, 0.6659841056402565, 0.6607769491708824, 0.6559777253775427, 0.651435578535051, 0.644212566353948, 0.6404256145966235, 0.6372640937718038, 0.6320333632115785, 0.6270848201011038, 0.6221795566190923, 0.6153927521052094, 0.6119572874253172, 0.6057090241896924, 0.6000227719394083, 0.5951370748166506, 0.5907556046991784, 0.587333401750187, 0.5825908764969879, 0.5771850834643175, 0.5711871371959066, 0.5671150334897985, 0.56242944353123, 0.5556252078356476, 0.5540606892350967, 0.5492762334758255, 0.5456817020014458, 0.5421544805093466, 0.5357610365460972, 0.5321658364104741, 0.5235237992051894, 0.5247792433663673, 0.5192115199444863, 0.5140063677947533, 0.5126200366746351, 0.5077209468117825, 0.5042461530508728, 0.49945186872772757, 0.49887953101075844, 0.4939222679222901, 0.4883671835594371]
valid_loss = [0.7312017778555552, 0.7997256418069204, 0.7865539938211441, 0.7566178937753042, 0.914512167374293, 0.7772152523199717, 0.7264751444260279, 0.7727616975704829, 0.8137752066055933, 0.844459131360054, 0.7085469563802084, 0.7208889424800873, 0.7969910899798075, 0.8403375993172327, 0.8494093666474024, 0.9087914824485779, 0.7396837323904037, 0.872870460152626, 0.7032044231891632, 0.9347349405288696, 0.8188449094692866, 0.911544919013977, 0.8788491984208425, 0.930941715836525, 0.8118911037842432, 0.8289131770531336, 0.9931813528140386, 0.8918787489334742, 0.8440017302831014, 0.8292880405982336, 0.976100559035937, 1.0402950545152028, 0.9144041240215302, 1.07472229997317, 1.1582691967487335, 0.9503809909025828, 1.0242635508378346, 0.8336968272924423, 0.8257706165313721, 0.8656889746586481, 1.1080791503190994, 0.777210478981336, 1.0938313951094945, 0.8713653385639191]
Score
Loss test 0.9037986861334907
Acc test 0.47916666
