train_acc = [0.54179883, 0.54179883, 0.54179883, 0.54179883, 0.54187816, 0.54187816, 0.54187816, 0.54179883, 0.54179883, 0.54179883, 0.5419575, 0.54203683, 0.54179883, 0.54179883, 0.54187816, 0.54187816, 0.54203683, 0.54203683, 0.54219544, 0.54187816, 0.54219544, 0.5419575, 0.5419575, 0.54235405, 0.5424334, 0.5424334, 0.5422748, 0.542592, 0.5425127, 0.54275066, 0.5426713, 0.54275066, 0.54275066, 0.54322654, 0.5429886, 0.54282993, 0.5429886, 0.5429886, 0.5424334, 0.54290926, 0.5436231, 0.54290926, 0.5437024, 0.5434645, 0.54338515, 0.54338515, 0.5434645, 0.54441625, 0.5441783, 0.5452887, 0.5437817, 0.545368, 0.5446542, 0.5456853, 0.54505074]
valid_acc = [0.0, 0.0, 0.0, 0.0, 0.0, 0.0, 0.0, 0.0, 0.0, 0.0, 0.0, 0.0, 0.0, 0.0, 0.0, 0.0, 0.0, 0.0, 0.0, 0.0052083335, 0.0013020834, 0.0026041667, 0.00390625, 0.0065104165, 0.0013020834, 0.0013020834, 0.0052083335, 0.0078125, 0.0065104165, 0.009114583, 0.00390625, 0.0065104165, 0.0065104165, 0.0052083335, 0.0052083335, 0.0078125, 0.0052083335, 0.0078125, 0.00390625, 0.0065104165, 0.0013020834, 0.009114583, 0.00390625, 0.0078125, 0.0078125, 0.0078125, 0.015625, 0.009114583, 0.0078125, 0.009114583, 0.01171875, 0.0052083335, 0.022135416, 0.010416667, 0.02734375]
train_loss = [0.7126542411479854, 0.690178517460218, 0.6895017142828346, 0.6893328107553085, 0.6891921492397483, 0.6890277756652251, 0.6888819990424335, 0.6887554623148768, 0.6886435311457832, 0.6884862816878382, 0.6883204316124698, 0.6881866249336204, 0.6880849823733877, 0.6879396266138493, 0.6878053346261155, 0.687651041498039, 0.687521705772671, 0.687379282440631, 0.6872433085126926, 0.6871179430012776, 0.6869881283208198, 0.6868444330196091, 0.686722218082641, 0.6865622849028727, 0.6863932512738378, 0.6862783516724098, 0.6861445516499166, 0.6860115597695868, 0.6858437687612428, 0.6857060487500302, 0.6856081449440893, 0.6854101162271451, 0.6852903390293799, 0.6851507373872747, 0.6850110253101678, 0.6848427495980626, 0.6847256394812298, 0.6845604520158719, 0.6844120167838741, 0.6842438130814412, 0.6840785327296571, 0.6839643846913642, 0.6837956687520603, 0.6836246267188019, 0.6834484514246132, 0.6832494735717773, 0.6831393033114787, 0.682924128425908, 0.6828082185711353, 0.6825833614102474, 0.6824216524961636, 0.6822289413001936, 0.6820282603278378, 0.6818681680006424, 0.681648622309496]
valid_loss = [0.8581829617420832, 0.7969074447949728, 0.7911237875620524, 0.7897940327723821, 0.779386912782987, 0.786962648232778, 0.7839355071385702, 0.7745776573816935, 0.7797390421231588, 0.7808587352434794, 0.7762446602185568, 0.7826908876498541, 0.7823982785145441, 0.7822142541408539, 0.7816559622685114, 0.7784166435400645, 0.7880361626545588, 0.7933063507080078, 0.7816774447758993, 0.7758344560861588, 0.7834130028883616, 0.781101847688357, 0.781225805481275, 0.7803049435218176, 0.7901773005723953, 0.7891132831573486, 0.7774960249662399, 0.7759184191624323, 0.7866911043723425, 0.7734597772359848, 0.7785891344149908, 0.7748875916004181, 0.7786498516798019, 0.7801823218663534, 0.7789488434791565, 0.7833649118741354, 0.7794470389684042, 0.7825102557738622, 0.7800498058398565, 0.7790753096342087, 0.7894429415464401, 0.7829372038443884, 0.7795563588539759, 0.7805025080839793, 0.7815201381842295, 0.7783359388510386, 0.774391641219457, 0.7814978361129761, 0.7828045984109243, 0.7844725797573725, 0.7821998993555704, 0.7863838771979014, 0.7786692430575689, 0.7849776695171992, 0.7781246254841486]
Score
Loss test 0.7807488441467285
Acc test 0.008680556
