train_acc = [0.502776, 0.51792514, 0.528474, 0.5270463, 0.52720493, 0.53632617, 0.5440197, 0.5376745, 0.54338515, 0.5443369, 0.5502855, 0.5489372, 0.53981596, 0.5475095, 0.5489372, 0.5497303, 0.55036485, 0.5495717, 0.5543306, 0.55377537, 0.5521891, 0.55797905, 0.5529822, 0.55203044, 0.5568687, 0.55988264, 0.5532995, 0.5560755, 0.5646415, 0.5638484, 0.56226206, 0.56345177, 0.5604378, 0.5747145, 0.5681313, 0.5636897, 0.5614689, 0.5674175, 0.56361043]
valid_acc = [0.014322917, 0.0026041667, 0.009114583, 0.0052083335, 0.02734375, 0.069010414, 0.114583336, 0.024739584, 0.020833334, 0.0013020834, 0.0078125, 0.013020833, 0.0052083335, 0.234375, 0.0013020834, 0.014322917, 0.009114583, 0.0013020834, 0.0078125, 0.00390625, 0.048177082, 0.055989582, 0.0013020834, 0.0, 0.032552082, 0.24088542, 0.083333336, 0.104166664, 0.14453125, 0.14192708, 0.04296875, 0.23046875, 0.1875, 0.0625, 0.11328125, 0.036458332, 0.083333336, 0.06640625, 0.1875]
train_loss = [0.7357412531291168, 0.7037842449197914, 0.6954721272899415, 0.693766468672583, 0.6924318286973208, 0.6907801410268406, 0.6888806329765901, 0.6894558147730561, 0.6885914006814133, 0.6892910082328138, 0.6868436826667205, 0.6861426031528995, 0.6884262371184257, 0.6863836682387415, 0.6861450327229379, 0.685520661663888, 0.6858315010966384, 0.6847907086919407, 0.6839787506210018, 0.6848875514141799, 0.6861197918199645, 0.6840743788607835, 0.684972060815937, 0.6837415562063305, 0.6825326085090637, 0.6831312073668853, 0.6831490152378372, 0.682898718390973, 0.6803676337760112, 0.6811628795517277, 0.6818237570941751, 0.6802686504301081, 0.6808816451711703, 0.6793429912044312, 0.6799217967817626, 0.6796249943941378, 0.6803593496380723, 0.6784357594959627, 0.6802748980255902]
valid_loss = [0.8277007142702738, 0.8547791391611099, 0.8218118051687876, 0.8180481990178426, 0.7883942723274231, 0.7700097560882568, 0.7495368371407191, 0.7826665788888931, 0.7924057145913442, 0.8234634300072988, 0.8109721889098486, 0.8088520715634028, 0.8093306223551432, 0.7314543078343073, 0.8519335885842642, 0.8201459546883901, 0.813782329360644, 0.8560042828321457, 0.8446757445732752, 0.8510901580254236, 0.8008791307608286, 0.7990081508954366, 0.8832907428344091, 0.8772284934918085, 0.8156513273715973, 0.7400006105502447, 0.7875386228164037, 0.7878785232702891, 0.7752803812424341, 0.7706029862165451, 0.835159366329511, 0.7549208154280981, 0.7683407862981161, 0.8397330145041147, 0.805352121591568, 0.8568146526813507, 0.8227245310942332, 0.8447061677773794, 0.7759739210208257]
Score
Loss test 0.7749841941727532
Acc test 0.19097222
