train_acc = [0.5329949, 0.54187816, 0.54179883, 0.54179883, 0.54171956, 0.54187816, 0.54187816, 0.54187816, 0.54179883, 0.5419575, 0.54179883, 0.54187816, 0.54187816, 0.54179883, 0.54179883, 0.54179883, 0.54179883, 0.54187816, 0.54179883, 0.54179883, 0.54187816, 0.54171956, 0.54187816, 0.54187816, 0.5419575, 0.54187816, 0.54171956, 0.54187816, 0.5419575, 0.54171956, 0.54179883, 0.54179883, 0.54171956, 0.54187816, 0.54187816, 0.54179883, 0.54179883, 0.54171956, 0.54171956, 0.54187816, 0.54179883, 0.54179883, 0.54171956]
valid_acc = [0.0, 0.0, 0.0, 0.0, 0.0, 0.0, 0.0, 0.0, 0.0, 0.0, 0.0, 0.0, 0.0, 0.0, 0.0, 0.0, 0.0, 0.0, 0.0, 0.0, 0.0, 0.0, 0.0, 0.0, 0.0, 0.0, 0.0, 0.0, 0.0, 0.0, 0.0, 0.0, 0.0, 0.0, 0.0, 0.0, 0.0, 0.0, 0.0, 0.0, 0.0, 0.0, 0.0]
train_loss = [0.9928389893570527, 0.6897862583852662, 0.6897513911808808, 0.6897871116091152, 0.6898695696428948, 0.6898376660298575, 0.6897423651617796, 0.6898536993767405, 0.689840304669995, 0.6898255638664749, 0.6897873609199137, 0.6896769843125706, 0.6897553256925593, 0.6898241751085078, 0.689813065952456, 0.689667601270724, 0.6899299255482436, 0.6897174909635244, 0.6899169299203127, 0.6897974964325804, 0.6897350483134314, 0.6899061003312241, 0.6897615103552184, 0.68978962861947, 0.6897318124165995, 0.6897723314725808, 0.6896419600786896, 0.6897975315297316, 0.689730603985375, 0.689740850235605, 0.6898322931401015, 0.6897794940144882, 0.6896848820792842, 0.6897032599763822, 0.6897839247272705, 0.6898454954176385, 0.6898877245520577, 0.6898955291297835, 0.6897397032243952, 0.6897799266776458, 0.6897882371384481, 0.6897427333793059, 0.6897925598367216]
valid_loss = [0.7742626070976257, 0.768659234046936, 0.7798445224761963, 0.7864713668823242, 0.7981903553009033, 0.7749742865562439, 0.7866896986961365, 0.7833737730979919, 0.7611367702484131, 0.7701175212860107, 0.7676071524620056, 0.7593446373939514, 0.7580181956291199, 0.7810932397842407, 0.7792803049087524, 0.8080407977104187, 0.7803868055343628, 0.7568462491035461, 0.7715945839881897, 0.7835268378257751, 0.7608026266098022, 0.7810382843017578, 0.7908680438995361, 0.7797842025756836, 0.7778506875038147, 0.7745901346206665, 0.8100621104240417, 0.7875146865844727, 0.7759131193161011, 0.8017107844352722, 0.7966464161872864, 0.7924803495407104, 0.7620351910591125, 0.7892881035804749, 0.7861390113830566, 0.7735087871551514, 0.7772839665412903, 0.7737762331962585, 0.8034108281135559, 0.7689540386199951, 0.7947067022323608, 0.7892062664031982, 0.760897159576416]
Score
Loss test 0.760897159576416
Acc test 0.0
