train_acc = [0.5195114, 0.5534581, 0.5743972, 0.5906567, 0.5981123, 0.6083439, 0.61238897, 0.62198603, 0.6343591, 0.6353902, 0.63340735, 0.6525222, 0.6568845, 0.66584706, 0.6696542, 0.66782993, 0.6749683, 0.6798065, 0.68282044, 0.6873414, 0.69162434, 0.6974937, 0.7070114, 0.70883566, 0.71002537, 0.71319795, 0.71748096, 0.71510154, 0.71914655, 0.730092, 0.72802985, 0.73294735, 0.73627853, 0.7364372, 0.7450825, 0.7495241, 0.74809647, 0.7479378, 0.7531726, 0.75499684, 0.7576935, 0.75777286, 0.76229376]
valid_acc = [0.2903646, 0.110677086, 0.15104167, 0.375, 0.22005208, 0.296875, 0.23567708, 0.15104167, 0.17057292, 0.234375, 0.5703125, 0.625, 0.37760416, 0.3528646, 0.18229167, 0.42708334, 0.29427084, 0.64973956, 0.35677084, 0.3424479, 0.3658854, 0.48697916, 0.46484375, 0.3111979, 0.21614583, 0.3815104, 0.4205729, 0.44921875, 0.30729166, 0.3736979, 0.4388021, 0.43489584, 0.3580729, 0.42578125, 0.3893229, 0.4544271, 0.4596354, 0.39322916, 0.48046875, 0.3893229, 0.3190104, 0.48046875, 0.390625]
train_loss = [0.7237286168306613, 0.686655386450327, 0.6791914870896315, 0.6685835752390363, 0.6659967887220044, 0.6610860712637151, 0.6565895473896549, 0.6523261708656544, 0.6449541032011739, 0.6409069042520474, 0.6389166603838732, 0.6314642665349892, 0.6261717837474068, 0.6211679668595949, 0.6160810405227739, 0.6123637475338078, 0.6082359168130129, 0.6023734305715803, 0.5994043083965476, 0.5927562886083186, 0.5891099729513759, 0.5820531733144964, 0.5785035018993513, 0.5768547398487324, 0.569190919853104, 0.5669091973207929, 0.5606274320389414, 0.5583265352672732, 0.5565595375704886, 0.5510540311106571, 0.5440029609324363, 0.5408511812311744, 0.5357775695735428, 0.5329891848685172, 0.5290752381540192, 0.5225601252262968, 0.5221495862842211, 0.5200330170278017, 0.5151771148146712, 0.5094681144668366, 0.5084993946673301, 0.5047381742654113, 0.5001006494016211]
valid_loss = [0.7348877737919489, 0.7989938110113144, 0.7925729403893153, 0.7349936713774999, 0.7857212076584498, 0.7628218630949656, 0.7999725590149561, 0.856615886092186, 0.8564571440219879, 0.8325651039679846, 0.6772713760534922, 0.65351802110672, 0.7682559937238693, 0.7968798528114954, 0.936273455619812, 0.7565971861282984, 0.8714738041162491, 0.6252204726139704, 0.8165911386410395, 0.8522537549336752, 0.8357954819997152, 0.7293043831984202, 0.7609336376190186, 0.9218187630176544, 1.0553472985823948, 0.8510020275910696, 0.8334013422330221, 0.80410136282444, 0.9774336020151774, 0.9228056271870931, 0.8270107607046763, 0.837538535396258, 0.9477259467045466, 0.8816614945729574, 0.9270301858584086, 0.8558048208554586, 0.8389764577150345, 0.952076698342959, 0.8144820332527161, 0.9750317136446635, 1.0876369525988896, 0.8538550039132436, 0.9832611580689748]
Score
Loss test 1.0024239420890808
Acc test 0.4340278
