train_acc = [0.5392608, 0.5296637, 0.5299016, 0.53862625, 0.5431472, 0.5480647, 0.5522684, 0.5611516, 0.5577411, 0.5598033, 0.5655933, 0.573842, 0.57074875, 0.5797906, 0.5786802, 0.5828839, 0.5847081, 0.5898636, 0.59787434, 0.60644037, 0.60525066, 0.60739213, 0.6105647, 0.6099302, 0.6150063, 0.6212722, 0.6187341, 0.62404823, 0.61928934, 0.6224619, 0.6244448, 0.6244448, 0.62579316, 0.6254759, 0.6281726, 0.63285214, 0.63015544, 0.62730014, 0.6273794, 0.6280933, 0.6351523, 0.6360248, 0.63190037, 0.63340735, 0.6346764, 0.6342005, 0.6362627, 0.6334867, 0.63205904, 0.6455425, 0.6309486, 0.63935596, 0.6389594, 0.6340419, 0.64070433, 0.64292514, 0.63697654, 0.6433217, 0.6395939, 0.6384835]
valid_acc = [0.0, 0.026041666, 0.0, 0.0, 0.0052083335, 0.010416667, 0.15364583, 0.21744792, 0.18489583, 0.47916666, 0.33854166, 0.111979164, 0.22786458, 0.23046875, 0.1484375, 0.23307292, 0.22395833, 0.3502604, 0.17708333, 0.1640625, 0.28515625, 0.123697914, 0.2565104, 0.25390625, 0.4856771, 0.23567708, 0.25520834, 0.4609375, 0.22526042, 0.3515625, 0.36328125, 0.34895834, 0.3606771, 0.44270834, 0.23958333, 0.35677084, 0.24739583, 0.33854166, 0.3528646, 0.3125, 0.44791666, 0.22786458, 0.4518229, 0.24869792, 0.30859375, 0.4075521, 0.47916666, 0.52994794, 0.38541666, 0.47265625, 0.38671875, 0.39583334, 0.27864584, 0.4375, 0.52473956, 0.4752604, 0.33203125, 0.5625, 0.484375, 0.4075521]
train_loss = [7.008501188101502, 2.0163081245979075, 0.693473645273199, 0.6900202023801465, 0.688950535912199, 0.6862906456598775, 0.683738671281011, 0.6807363883492911, 0.6790859644788171, 0.6765862252506508, 0.6747891633643717, 0.6688939971367115, 0.6679155091343797, 0.6629523634910583, 0.6622208719931278, 0.6582134556649301, 0.6580920140755359, 0.6543600280877903, 0.654208583880197, 0.6535067313213638, 0.6538991383489619, 0.6514370520102796, 0.6487499490607208, 0.6503058281646767, 0.6466700204737901, 0.6466445662648544, 0.6421053424704498, 0.6435858825136562, 0.6421919422706371, 0.6420512877139949, 0.6432214645564859, 0.6421068283507061, 0.6394717744764338, 0.6398991019592672, 0.6356856127075737, 0.6376275680391922, 0.6366780751247696, 0.6368704123545419, 0.6363531998571406, 0.6355845792039396, 0.634814876892845, 0.6328700650767022, 0.6325407206709615, 0.6321369942069659, 0.633339105826344, 0.6321672606589225, 0.6340874690694858, 0.6331843407020956, 0.633339373593403, 0.6280587587864871, 0.6340339683034093, 0.6308717077153588, 0.6265168289847786, 0.6305411152428176, 0.629172838581395, 0.630508218319888, 0.628937086175541, 0.6267735377181, 0.6318768087377403, 0.6289687722467528]
valid_loss = [15.33323860168457, 0.799941266576449, 0.7431362221638361, 0.8258771300315857, 0.741005023320516, 0.7679073810577393, 0.7616226424773535, 0.7434064845244089, 0.8023745914300283, 0.7222572565078735, 0.7698095391194025, 0.8952158937851588, 0.8579383542140325, 0.8567705551783243, 0.8897695591052374, 0.9098180333773295, 0.9234323302904764, 0.8427158345778784, 1.0296788563330967, 1.0048954486846924, 0.8938386142253876, 1.1112676461537678, 0.9185707618792852, 0.9381903658310572, 0.7928853233655294, 1.0001533528168995, 0.9855682055155436, 0.774176150560379, 0.988568127155304, 0.8946999311447144, 0.8709554274876913, 0.8843574573596319, 0.9507110069195429, 0.8854192694028219, 1.1427718599637349, 0.9659779071807861, 1.0695911993583043, 0.944444144765536, 0.944911335905393, 1.0418696353832881, 0.8828989813725153, 1.0729184597730637, 0.8801409850517908, 1.18287992477417, 1.1219614446163177, 0.8956471234560013, 0.868390773733457, 0.7544321368137995, 0.9168156832456589, 0.8824851810932159, 0.9949314743280411, 0.9559193203846613, 0.9476154347260793, 0.9205242594083151, 0.8329597661892573, 0.8837624738613764, 0.9957290887832642, 0.8198435058196386, 0.8795419285694758, 0.9012280851602554]
Score
Loss test 0.9217162926991781
Acc test 0.453125
