train_acc = [0.54179883, 0.54171956, 0.54179883, 0.5419575, 0.54171956, 0.54187816, 0.5419575, 0.54179883, 0.54187816, 0.54179883, 0.54187816, 0.54187816, 0.54179883, 0.54187816, 0.54179883, 0.54179883, 0.54179883, 0.54179883, 0.54187816, 0.54179883, 0.54179883, 0.54179883, 0.54171956, 0.54179883, 0.54179883, 0.54171956, 0.5419575, 0.5419575, 0.54179883, 0.54187816, 0.54179883, 0.54187816, 0.54179883, 0.54179883, 0.54171956, 0.54171956, 0.54171956, 0.54171956, 0.54179883, 0.54187816, 0.54171956, 0.54179883, 0.54179883, 0.54187816, 0.54187816, 0.54187816, 0.54187816, 0.54171956, 0.54171956, 0.54187816]
valid_acc = [0.0, 0.0, 0.0, 0.0, 0.0, 0.0, 0.0, 0.0, 0.0, 0.0, 0.0, 0.0, 0.0, 0.0, 0.0, 0.0, 0.0, 0.0, 0.0, 0.0, 0.0, 0.0, 0.0, 0.0, 0.0, 0.0, 0.0, 0.0, 0.0, 0.0, 0.0, 0.0, 0.0, 0.0, 0.0, 0.0, 0.0, 0.0, 0.0, 0.0, 0.0, 0.0, 0.0, 0.0, 0.0, 0.0, 0.0, 0.0, 0.0, 0.0]
train_loss = [6.992402303944989, 7.0269237193964456, 7.0257075813216, 7.023275290648949, 7.026923724237433, 7.024491433564782, 7.023275300330922, 7.025707566798641, 7.024491421462316, 7.0257075643781475, 7.024491440826261, 7.024491428723795, 7.025707603106039, 7.024491465031193, 7.025707605526532, 7.025707559537161, 7.025707591003573, 7.025707571639628, 7.024491445667247, 7.025707561957654, 7.0257075813216, 7.0257075813216, 7.02692376780631, 7.0257075643781475, 7.025707580111353, 7.02692370729398, 7.023275285807963, 7.023275280966977, 7.02570758858308, 7.02449145534922, 7.02570758858308, 7.024491443246754, 7.025707603106039, 7.025707612788011, 7.026923726657926, 7.026923731498912, 7.02692375328335, 7.026923709714473, 7.025707605526532, 7.024491414200836, 7.026923748442364, 7.0257075837420935, 7.025707598265052, 7.024491438405768, 7.024491437195521, 7.024491445667247, 7.0244914480877405, 7.026923758124337, 7.0269237193964456, 7.024491409359849]
valid_loss = [15.33323860168457, 15.33323860168457, 15.33323860168457, 15.33323860168457, 15.33323860168457, 15.33323860168457, 15.33323860168457, 15.33323860168457, 15.33323860168457, 15.33323860168457, 15.33323860168457, 15.33323860168457, 15.33323860168457, 15.33323860168457, 15.33323860168457, 15.33323860168457, 15.33323860168457, 15.33323860168457, 15.33323860168457, 15.33323860168457, 15.33323860168457, 15.33323860168457, 15.33323860168457, 15.33323860168457, 15.33323860168457, 15.33323860168457, 15.33323860168457, 15.33323860168457, 15.33323860168457, 15.33323860168457, 15.33323860168457, 15.33323860168457, 15.33323860168457, 15.33323860168457, 15.33323860168457, 15.33323860168457, 15.33323860168457, 15.33323860168457, 15.33323860168457, 15.33323860168457, 15.33323860168457, 15.33323860168457, 15.33323860168457, 15.33323860168457, 15.33323860168457, 15.33323860168457, 15.33323860168457, 15.33323860168457, 15.33323860168457, 15.33323860168457]
Score
Loss test 15.33323860168457
Acc test 0.0
