train_acc = [0.51855963, 0.5346605, 0.5378331, 0.5407678, 0.5406091, 0.54171956, 0.5430679, 0.541085, 0.5426713, 0.54290926, 0.54282993, 0.5415609, 0.5484613, 0.54544735, 0.54171956, 0.545368, 0.546875, 0.55242705, 0.5490958, 0.54608184, 0.5479061, 0.55187184, 0.54814404, 0.55575824, 0.54814404, 0.55306154, 0.5531409, 0.55837566, 0.5578998, 0.55845493, 0.55797905, 0.56495875, 0.5617862, 0.56273794, 0.5613103, 0.5630552, 0.5689245, 0.5715419, 0.570828, 0.5709867, 0.572335, 0.5742386, 0.56821066, 0.58074236, 0.58058375, 0.5788388, 0.5778077, 0.57899743, 0.5824873, 0.57177985]
valid_acc = [0.075520836, 0.0013020834, 0.0, 0.0, 0.0, 0.0, 0.009114583, 0.0, 0.0, 0.022135416, 0.0, 0.0, 0.0, 0.1328125, 0.0026041667, 0.010416667, 0.092447914, 0.00390625, 0.0026041667, 0.014322917, 0.102864586, 0.0013020834, 0.0013020834, 0.0013020834, 0.52994794, 0.40885416, 0.040364582, 0.018229166, 0.0013020834, 0.040364582, 0.032552082, 0.0013020834, 0.014322917, 0.296875, 0.375, 0.102864586, 0.00390625, 0.014322917, 0.16796875, 0.02734375, 0.087239586, 0.2265625, 0.26953125, 0.0546875, 0.0013020834, 0.2877604, 0.2721354, 0.095052086, 0.2578125, 0.07421875]
train_loss = [0.7148700888991961, 0.6913120785945563, 0.6903183953411083, 0.6898077811081398, 0.6896013780898854, 0.6892620455190009, 0.6890374903146386, 0.6897740733199919, 0.6892162261880593, 0.6886376611472387, 0.6882671526240819, 0.6886959841408705, 0.6872364394555842, 0.6876379871731482, 0.6880451755475272, 0.6866496102458934, 0.6870518580911124, 0.6865302015682162, 0.6863903031131338, 0.685720342064872, 0.6860237693423548, 0.6854746166219566, 0.6852242057093509, 0.684223516943491, 0.6851536002255938, 0.6843479880826727, 0.6837209868552115, 0.6833583077198357, 0.6820849664320195, 0.6827053784718974, 0.682377922050844, 0.681208374536582, 0.6819864039493696, 0.6817752882308766, 0.680642407557686, 0.6793900773609955, 0.679192310662439, 0.6786248792851637, 0.6790340503460259, 0.678965358867258, 0.6780238662879479, 0.6774746055530413, 0.6790826816849297, 0.675293348464869, 0.6746129747574705, 0.6748477662275285, 0.6759382165628036, 0.6751047369792377, 0.6721987412665701, 0.6763227173519618]
valid_loss = [0.7443994432687759, 0.7524060855309168, 0.7681727260351181, 0.8049357036749522, 0.7606511662403742, 0.7821441839138666, 0.74335544804732, 0.8265622307856878, 0.820055698355039, 0.7509756684303284, 0.8119165400664011, 0.7789413134256998, 0.8218637108802795, 0.7269875953594843, 0.793805867433548, 0.7640741666158041, 0.7392534166574478, 0.7847204705079397, 0.804308200875918, 0.793268566330274, 0.756014014283816, 0.825976108511289, 0.830147976676623, 0.8775442888339361, 0.6957385887702306, 0.7153886705636978, 0.8081093827883402, 0.8351053943236669, 0.8911284804344177, 0.807973658045133, 0.8329690545797348, 0.9371146361033121, 0.8629943579435349, 0.734850212931633, 0.7248963912328085, 0.8081991622845331, 0.9203444768985113, 0.9301808128754298, 0.7921414921681086, 0.8825385123491287, 0.8545816987752914, 0.7636850823958715, 0.765733410914739, 0.8805109063784281, 1.0836344162623088, 0.7697209864854813, 0.7643216798702875, 0.8738585064808527, 0.778254305322965, 0.8763043234745661]
Score
Loss test 0.8917059699694315
Acc test 0.07986111
