train_acc = [0.52522206, 0.53759515, 0.5383883, 0.5416402, 0.5393401, 0.53830904, 0.54179883, 0.5416402, 0.5426713, 0.5424334, 0.54282993, 0.54171956, 0.5461612, 0.5452094, 0.5467164, 0.5516339, 0.56495875, 0.5659105, 0.57225573, 0.5806631, 0.5798699, 0.5915292, 0.6014435, 0.6157995, 0.61865485, 0.6370558, 0.63951457, 0.6508566, 0.6568845, 0.6604537, 0.66687816, 0.68028235, 0.6882138, 0.69083124, 0.6913864, 0.70288706, 0.71050125, 0.7135152, 0.71581537, 0.71914655, 0.72557104, 0.7289023, 0.73548543, 0.741672, 0.74111676, 0.7494448, 0.75007933, 0.7584867, 0.7610248, 0.76649743, 0.768401, 0.76855963, 0.7727633, 0.77776015, 0.77926713, 0.7833915, 0.7877538, 0.79489213]
valid_acc = [0.0, 0.0065104165, 0.0, 0.93619794, 0.0, 0.0, 0.0, 0.0, 0.0, 0.0, 0.0, 0.0, 0.029947916, 0.24088542, 0.3893229, 0.203125, 0.3203125, 0.014322917, 0.029947916, 0.66796875, 0.16145833, 0.3528646, 0.3033854, 0.3268229, 0.3684896, 0.45833334, 0.39453125, 0.1640625, 0.35416666, 0.42447916, 0.25, 0.5208333, 0.6953125, 0.3502604, 0.18880208, 0.39583334, 0.50651044, 0.63671875, 0.390625, 0.5208333, 0.41796875, 0.3580729, 0.30208334, 0.5416667, 0.40234375, 0.4283854, 0.53255206, 0.4388021, 0.3919271, 0.546875, 0.17057292, 0.4309896, 0.19270833, 0.5338542, 0.3515625, 0.48046875, 0.19401042, 0.47916666]
train_loss = [0.7142319449313401, 0.6902731599541485, 0.6906242152761082, 0.6902769062724815, 0.6898178963491759, 0.6897896954855943, 0.6888978802008072, 0.6886749364397853, 0.6891863657738352, 0.688824776162956, 0.6883685401248448, 0.6874784824206744, 0.6871587156039204, 0.6871736433905393, 0.6866006527455325, 0.6840354031717717, 0.683327000455808, 0.6802716987387178, 0.6780746016405561, 0.6749001919920674, 0.6730848320849656, 0.667721633681186, 0.6618045628978516, 0.6549102549020409, 0.6503035126603799, 0.6375007987930085, 0.633954621813624, 0.6269883337964867, 0.6175775620235404, 0.6096417445519249, 0.6072270122881468, 0.6009746077399568, 0.5902962022021337, 0.586342904319618, 0.5800840042266749, 0.5742449014622548, 0.5677107179225399, 0.5589095756487192, 0.5556245868278639, 0.5514450077780613, 0.5429485792738532, 0.53549719310654, 0.5343801999455176, 0.5199838073423066, 0.5207273365579886, 0.5176730869990315, 0.5100824661968928, 0.500162557750789, 0.4961757557041149, 0.48954443989066304, 0.4869067758170481, 0.4834012546515102, 0.47526020038551486, 0.46522392037556254, 0.4658711818874185, 0.4662089287327026, 0.453860132373529, 0.44459539258540587]
valid_loss = [0.7774625867605209, 0.716867133975029, 0.8594364374876022, 0.6735836416482925, 0.7502053876717886, 0.7795831114053726, 0.7757433553536733, 0.7791735678911209, 0.7891596307357153, 0.7563580473264059, 0.7976453105608622, 0.8409259666999181, 0.755521242817243, 0.7179131358861923, 0.7074788063764572, 0.7368179261684418, 0.7269097963968912, 0.9155342678229014, 0.9083662331104279, 0.6503827025492986, 0.8570418457190195, 0.7722514867782593, 0.8328297138214111, 0.839378148317337, 0.838622510433197, 0.7502229958772659, 0.8438752045234045, 1.3487628002961476, 0.9665668954451879, 0.8977196017901102, 1.306699017683665, 0.7738837202390035, 0.600925013422966, 1.0222090482711792, 1.5279634594917297, 1.0212638527154922, 0.8401322861512502, 0.6411357820034027, 1.0791661341985066, 0.8761980980634689, 1.034048651655515, 1.2327798704306285, 1.4326945046583812, 0.84354600807031, 1.1375460873047512, 1.0565094997485478, 0.8650403767824173, 1.0603192001581192, 1.1825932264328003, 0.9217608670393626, 2.2562671105066934, 1.1483163237571716, 2.2156432072321572, 0.9923034310340881, 1.3190114597479503, 1.0694063951571782, 2.3485743602116904, 1.1155836830536525]
Score
Loss test 1.1433157126108806
Acc test 0.5538194
