train_acc = [0.5414023, 0.54171956, 0.54179883, 0.54187816, 0.54179883, 0.54179883, 0.54171956, 0.54187816, 0.54187816, 0.54171956, 0.54187816, 0.54187816, 0.54179883, 0.54187816, 0.5419575, 0.54179883, 0.54187816, 0.54187816, 0.54179883, 0.54179883, 0.54187816, 0.54171956, 0.54187816, 0.54171956, 0.54187816, 0.54187816, 0.54171956, 0.54179883, 0.54171956, 0.54187816, 0.54179883, 0.54179883, 0.54187816, 0.5419575, 0.5419575, 0.54187816, 0.54179883, 0.54171956, 0.54179883, 0.54179883, 0.54179883, 0.54171956, 0.54187816, 0.54187816, 0.54187816, 0.54179883, 0.5419575, 0.54179883, 0.54171956, 0.54179883, 0.54171956]
valid_acc = [0.0, 0.0, 0.0, 0.0, 0.0, 0.0, 0.0, 0.0, 0.0, 0.0, 0.0, 0.0, 0.0, 0.0, 0.0, 0.0, 0.0, 0.0, 0.0, 0.0, 0.0, 0.0, 0.0, 0.0, 0.0, 0.0, 0.0, 0.0, 0.0, 0.0, 0.0, 0.0, 0.0, 0.0, 0.0, 0.0, 0.0, 0.0, 0.0, 0.0, 0.0, 0.0, 0.0, 0.0, 0.0, 0.0, 0.0, 0.0, 0.0, 0.0, 0.0]
train_loss = [6.994903367485492, 7.026923729078419, 7.02570758858308, 7.024491437195521, 7.025707549855189, 7.0257075837420935, 7.026923750862857, 7.024491443246754, 7.024491438405768, 7.0269237193964456, 7.024491435985275, 7.02449140209837, 7.025707569219134, 7.024491414200836, 7.023275261603031, 7.025707554696175, 7.024491460190206, 7.024491423882809, 7.025707591003573, 7.025707591003573, 7.024491460190206, 7.026923720606693, 7.024491426303302, 7.026923746021871, 7.024491428723795, 7.024491438405768, 7.026923714555459, 7.025707552275682, 7.026923738760392, 7.0244914480877405, 7.025707569219134, 7.025707593424066, 7.024491416621329, 7.023275314853882, 7.023275288228456, 7.0244914311442885, 7.025707591003573, 7.026923726657926, 7.025707595844559, 7.025707575270367, 7.025707578901107, 7.026923741180885, 7.024491406939356, 7.024491445667247, 7.024491416621329, 7.0257075813216, 7.023275288228456, 7.025707605526532, 7.026923758124337, 7.025707624890478, 7.026923712134966]
valid_loss = [15.33323860168457, 15.33323860168457, 15.33323860168457, 15.33323860168457, 15.33323860168457, 15.33323860168457, 15.33323860168457, 15.33323860168457, 15.33323860168457, 15.33323860168457, 15.33323860168457, 15.33323860168457, 15.33323860168457, 15.33323860168457, 15.33323860168457, 15.33323860168457, 15.33323860168457, 15.33323860168457, 15.33323860168457, 15.33323860168457, 15.33323860168457, 15.33323860168457, 15.33323860168457, 15.33323860168457, 15.33323860168457, 15.33323860168457, 15.33323860168457, 15.33323860168457, 15.33323860168457, 15.33323860168457, 15.33323860168457, 15.33323860168457, 15.33323860168457, 15.33323860168457, 15.33323860168457, 15.33323860168457, 15.33323860168457, 15.33323860168457, 15.33323860168457, 15.33323860168457, 15.33323860168457, 15.33323860168457, 15.33323860168457, 15.33323860168457, 15.33323860168457, 15.33323860168457, 15.33323860168457, 15.33323860168457, 15.33323860168457, 15.33323860168457, 15.33323860168457]
Score
Loss test 15.33323860168457
Acc test 0.0
