train_acc = [0.5402919, 0.5525063, 0.5535374, 0.56829, 0.5755869, 0.58772206, 0.59335345, 0.6046161, 0.6111199, 0.61627537, 0.61714786, 0.627776, 0.62492067, 0.627776, 0.63507295, 0.6329315, 0.6377697, 0.6399112, 0.64173543, 0.6485565, 0.6467322, 0.64752537, 0.65022206, 0.6541878, 0.6526808, 0.6541878, 0.65498096, 0.6575984, 0.65870875, 0.65926397, 0.6614848, 0.66227794, 0.6632297, 0.66513324, 0.66886103, 0.66513324, 0.6674334, 0.66894037, 0.6713198, 0.67298543, 0.67179567, 0.67179567, 0.6732234, 0.67274743, 0.6742544, 0.6744131, 0.67790294, 0.6764752, 0.67639595, 0.6798858, 0.67806154, 0.6785374, 0.6828998, 0.68297905, 0.6830584, 0.6831377, 0.68345493, 0.6895622, 0.685993, 0.68559647]
valid_acc = [0.0, 0.03515625, 0.20182292, 0.020833334, 0.27083334, 0.01953125, 0.083333336, 0.029947916, 0.2734375, 0.22265625, 0.14713542, 0.4934896, 0.1328125, 0.24479167, 0.21354167, 0.3372396, 0.22786458, 0.32421875, 0.2669271, 0.5338542, 0.37760416, 0.2513021, 0.4127604, 0.15625, 0.18098958, 0.328125, 0.28515625, 0.27604166, 0.5052083, 0.4049479, 0.29427084, 0.13411458, 0.4830729, 0.2513021, 0.34895834, 0.375, 0.23046875, 0.375, 0.3033854, 0.2591146, 0.4375, 0.38802084, 0.2565104, 0.4765625, 0.4231771, 0.39453125, 0.3528646, 0.4908854, 0.3190104, 0.45703125, 0.40364584, 0.2890625, 0.38541666, 0.3033854, 0.42708334, 0.37239584, 0.4752604, 0.3216146, 0.38671875, 0.41927084]
train_loss = [0.6902832222468962, 0.6859075514798237, 0.682693461173682, 0.6795538939195236, 0.6761628982379352, 0.673577081430987, 0.6709155249716666, 0.668173198772566, 0.6660161072832679, 0.6639325999971574, 0.6619476079940796, 0.6590982006891125, 0.6578906707957312, 0.6560886130115102, 0.653963789722036, 0.6520258672346319, 0.650983736902324, 0.6491905447795306, 0.6479044432567461, 0.6461713770924485, 0.6446477677011248, 0.6432683676632528, 0.6417905216289655, 0.6405277754449602, 0.6391437704187964, 0.63815748721815, 0.6370948407855735, 0.6354848860484089, 0.6344836084975809, 0.6329123293082726, 0.6323563323408214, 0.6308645491067528, 0.6301385134004699, 0.6292902098089306, 0.6275762013977554, 0.6269127372557741, 0.6261254267644156, 0.6252448516448742, 0.6241882782297086, 0.6233170909930001, 0.6222059064105078, 0.6215983677636548, 0.6205151123443836, 0.619451394843571, 0.618674176901125, 0.6178864028853208, 0.617369672973749, 0.6161664037535033, 0.6154978478015377, 0.6149595131728854, 0.614200659814825, 0.6133596664152775, 0.6125603290983868, 0.6123391940509002, 0.6108841605597947, 0.610878085727014, 0.6103877298117895, 0.6095546907579839, 0.6087433359949722, 0.6083599138380912]
valid_loss = [0.8049746304750443, 0.7591823836167654, 0.7351827224095663, 0.8009321888287863, 0.7364832709232966, 0.849781816204389, 0.8072422842184702, 0.8775231639544169, 0.7572000473737717, 0.7789627313613892, 0.8093278954426447, 0.708184614777565, 0.8345352659622828, 0.7892983754475912, 0.8070052017768224, 0.7632306963205338, 0.8155343582232794, 0.7821797778209051, 0.8004176219304403, 0.6984877834717432, 0.7581857144832611, 0.8143549213806788, 0.7558806290229162, 0.8833406368891398, 0.8717062522967657, 0.7935825188954672, 0.8155140926440557, 0.8201269755760828, 0.7138638645410538, 0.7649280180533727, 0.823647012313207, 0.9592036157846451, 0.7232773800690969, 0.8495756785074869, 0.8010831822951635, 0.7934979051351547, 0.8795393158992132, 0.7999352663755417, 0.8277633388837179, 0.8732775797446569, 0.7660551220178604, 0.7941340506076813, 0.8851526925961176, 0.7410902976989746, 0.7679232855637869, 0.7991609026988348, 0.8153429379065832, 0.7378491858641306, 0.8495759963989258, 0.7582796216011047, 0.7965220957994461, 0.8797652324040731, 0.806914210319519, 0.8679176867008209, 0.7721049984296163, 0.8266700853904089, 0.755637044707934, 0.8634221206108729, 0.8193123290936152, 0.7994462549686432]
Score
Loss test 0.8100518782933553
Acc test 0.4253472
