train_acc = [0.54203683, 0.54171956, 0.54179883, 0.54171956, 0.54187816, 0.5419575, 0.54187816, 0.54179883, 0.5419575, 0.54187816, 0.54187816, 0.54187816, 0.54171956, 0.54179883, 0.54179883, 0.54171956, 0.54179883, 0.54179883, 0.54171956, 0.54179883, 0.54171956, 0.54171956, 0.54187816, 0.54187816, 0.54179883, 0.54187816, 0.54179883, 0.54179883, 0.54179883, 0.54187816, 0.54179883, 0.54179883, 0.54187816, 0.54187816, 0.54179883, 0.54179883, 0.54171956, 0.54171956, 0.54187816, 0.54179883, 0.54171956, 0.54179883, 0.54171956, 0.54171956, 0.5419575, 0.54171956, 0.54179883]
valid_acc = [0.0, 0.0, 0.0, 0.0, 0.0, 0.0, 0.0, 0.0, 0.0, 0.0, 0.0, 0.0, 0.0, 0.0, 0.0, 0.0, 0.0, 0.0, 0.0, 0.0, 0.0, 0.0, 0.0, 0.0, 0.0, 0.0, 0.0, 0.0, 0.0, 0.0, 0.0, 0.0, 0.0, 0.0, 0.0, 0.0, 0.0, 0.0, 0.0, 0.0, 0.0, 0.0, 0.0, 0.0, 0.0, 0.0, 0.0]
train_loss = [1.0443705181179919, 0.6898558605745965, 0.6897462712326631, 0.6897391368289889, 0.6898484850292883, 0.6896564095153421, 0.689682701214921, 0.6897815959102611, 0.6896741024128676, 0.6896956051666725, 0.6897777095058848, 0.6898474753810669, 0.6896769313642821, 0.6899471591571866, 0.6898047645685031, 0.6897579812761491, 0.6899292659638497, 0.6897744599937787, 0.6898217818458673, 0.6897098809329386, 0.6898327209622727, 0.6899082811955873, 0.6898027709898005, 0.6898341200073358, 0.6898751594693527, 0.6897927725375607, 0.6898059908508649, 0.6898328289767812, 0.6897765028900301, 0.6898143355011335, 0.6897594069466373, 0.6898750502445976, 0.6897665755397777, 0.6897495392010297, 0.6897190306997542, 0.6897846200139389, 0.6896978783123384, 0.6897811980416932, 0.6897450095505884, 0.6898371075010542, 0.6897562969154513, 0.689842677661005, 0.6897891460336404, 0.6898373468273182, 0.6897524855463638, 0.6897823731911364, 0.6897545944010546]
valid_loss = [0.7705244421958923, 0.794300377368927, 0.7925167083740234, 0.7972400784492493, 0.7892107963562012, 0.7952614426612854, 0.7818831205368042, 0.7767060399055481, 0.7653773427009583, 0.7932604551315308, 0.7833239436149597, 0.7978879809379578, 0.7793228030204773, 0.7789246439933777, 0.7704014182090759, 0.7922412753105164, 0.7883877158164978, 0.7872278094291687, 0.7687431573867798, 0.7803357839584351, 0.7699985504150391, 0.7619473338127136, 0.787717878818512, 0.7719988822937012, 0.7815373539924622, 0.7873809337615967, 0.7739319801330566, 0.7818863987922668, 0.7825208902359009, 0.7805825471878052, 0.8084076642990112, 0.7933110594749451, 0.7894360423088074, 0.7889914512634277, 0.7788240909576416, 0.7820316553115845, 0.7838131189346313, 0.7895029783248901, 0.775727391242981, 0.7894048094749451, 0.7677783370018005, 0.7702435851097107, 0.7720441222190857, 0.7873703241348267, 0.7888439893722534, 0.7808352708816528, 0.7880674600601196]
Score
Loss test 0.7880674600601196
Acc test 0.0
