train_acc = [0.57177985, 0.6739372, 0.75634515, 0.8060755, 0.8346288, 0.85437816, 0.8776967, 0.88491434, 0.90513957, 0.9098192, 0.92044735, 0.92869604, 0.9357551, 0.94796956, 0.9478109, 0.957408, 0.96034265, 0.9708915, 0.9639911, 0.97715735, 0.9753331, 0.65276015, 0.82717323, 0.9459867, 0.96510154, 0.9816783, 0.83002853, 0.54179883, 0.54179883, 0.54179883, 0.54187816, 0.54187816, 0.54179883, 0.54179883, 0.54187816, 0.54179883, 0.54187816, 0.54187816, 0.54187816, 0.54179883, 0.54179883, 0.54187816, 0.54179883, 0.54179883, 0.54179883, 0.54187816, 0.54179883]
valid_acc = [0.19010417, 0.4544271, 0.34114584, 0.23828125, 0.53776044, 0.453125, 0.58723956, 0.5390625, 0.45572916, 0.42447916, 0.4388021, 0.5026042, 0.36197916, 0.41927084, 0.3580729, 0.4075521, 0.3997396, 0.44270834, 0.42578125, 0.4752604, 0.4544271, 0.32291666, 0.4296875, 0.4596354, 0.46614584, 0.49739584, 0.0, 0.0, 0.0, 0.0, 0.0, 0.0, 0.0, 0.0, 0.0, 0.0, 0.0, 0.0, 0.0, 0.0, 0.0, 0.0, 0.0, 0.0, 0.0, 0.0, 0.0]
train_loss = [0.6742922666714276, 0.604008198540828, 0.5030728852385797, 0.431621914738931, 0.3779963813154831, 0.3422995581088332, 0.2861971936098815, 0.2722343139085673, 0.23626910615239652, 0.2302420256177181, 0.20423738189457638, 0.1802990112434789, 0.16812279281504264, 0.13664826276111725, 0.14188581492354724, 0.11478778279296638, 0.10835066411247109, 0.0836118932265013, 0.10263530073243046, 0.06289086125904533, 0.0728883045739707, 0.5583449038936932, 0.3640494064101713, 0.14589701747039552, 0.10335034660541165, 0.05339422931204441, 0.3253992719653767, 0.6897513273403729, 0.6897450818628224, 0.6897665404426265, 0.6897472826962544, 0.6897149824248958, 0.6897522607430588, 0.6897409431220312, 0.68979219797299, 0.6897378772648458, 0.6897558040425257, 0.6897290860335838, 0.6897126118543789, 0.6897462443046763, 0.6897688438444574, 0.689778661667393, 0.6897236069446893, 0.6897108660736665, 0.6897259684383567, 0.6897045458633888, 0.689716018093419]
valid_loss = [0.8854750444491705, 0.8034197141726812, 1.4098239839076996, 1.4181694090366364, 0.9802499065796534, 1.5019331177075703, 1.0676043331623077, 1.361979365348816, 1.8538269102573395, 2.313756078481674, 2.655029773712158, 1.970040996869405, 3.0082931518554688, 3.2082386016845703, 3.778623640537262, 3.2697306474049888, 4.059296270211537, 3.7709635893503823, 3.8094177643458047, 3.4039841890335083, 3.430948237578074, 0.7191734910011292, 3.0465081334114075, 3.1700894832611084, 3.24960203965505, 3.1606313586235046, 0.7512272248665491, 0.784376248717308, 0.7773508379856745, 0.7703059911727905, 0.7846862524747849, 0.7780196617046992, 0.7766154557466507, 0.7729297081629435, 0.7705153375864029, 0.7674802591403326, 0.7870874802271525, 0.777008056640625, 0.7807921121517817, 0.7774015814065933, 0.7819343358278275, 0.7732722262541453, 0.7884080559015274, 0.7756223380565643, 0.780186653137207, 0.7796359062194824, 0.7927948236465454]
Score
Loss test 0.7927949892150031
Acc test 0.0
