train_acc = [0.51197654, 0.50777286, 0.5076142, 0.5142766, 0.50840735, 0.5168147, 0.51808375, 0.5132456, 0.51689404, 0.52070117, 0.526967, 0.51959074, 0.5222081, 0.5268877, 0.5198287, 0.5260152, 0.5257773, 0.5256187, 0.52998096, 0.5343433, 0.52776015, 0.53236043, 0.53577095, 0.5314086, 0.5365641, 0.53473985, 0.5373572, 0.5393401, 0.5382297, 0.54013324, 0.53529507, 0.53704, 0.5346605, 0.535533, 0.54282993, 0.53537434, 0.5444956, 0.5414023, 0.53624684, 0.5429886, 0.5365641, 0.54774743, 0.5402919, 0.53910214, 0.54457486, 0.544099, 0.54814404, 0.5475888, 0.54100573, 0.5521891, 0.53949875, 0.54275066, 0.5451301, 0.5490165, 0.54441625, 0.54600257, 0.54457486, 0.54290926, 0.54869926, 0.54798543]
valid_acc = [0.3033854, 0.13020833, 0.13411458, 0.17578125, 0.09765625, 0.1484375, 0.123697914, 0.044270832, 0.13020833, 0.28515625, 0.16536458, 0.14583333, 0.16276042, 0.18359375, 0.072916664, 0.118489586, 0.13541667, 0.15755208, 0.05859375, 0.17447917, 0.16015625, 0.18359375, 0.20182292, 0.15364583, 0.15364583, 0.067708336, 0.095052086, 0.12760417, 0.15364583, 0.084635414, 0.0859375, 0.13411458, 0.079427086, 0.063802086, 0.09765625, 0.087239586, 0.0859375, 0.096354164, 0.092447914, 0.118489586, 0.03515625, 0.084635414, 0.0546875, 0.05078125, 0.029947916, 0.071614586, 0.032552082, 0.069010414, 0.048177082, 0.110677086, 0.067708336, 0.07421875, 0.071614586, 0.065104164, 0.09765625, 0.05078125, 0.07421875, 0.059895832, 0.0390625, 0.088541664]
train_loss = [0.762903525744598, 0.7494513634497744, 0.7344019664120554, 0.727928124406011, 0.7209357625336816, 0.7166370961266726, 0.7114872045928452, 0.7108704420515728, 0.707853319076112, 0.7056968602432212, 0.7013282421881777, 0.7023316531011901, 0.7033257874740562, 0.6963715084313136, 0.6972285306393192, 0.6962511754277999, 0.6953011587791637, 0.6959328454763151, 0.6946434408880128, 0.6920443815628284, 0.6945089558659471, 0.6923988984926098, 0.6920082747633687, 0.6925763551353803, 0.6909421615794226, 0.6917456194834055, 0.6911313155580898, 0.6908253788342936, 0.6895400921100288, 0.6889640207823158, 0.6894434881089303, 0.689710143253888, 0.6898786840099974, 0.6908828688757068, 0.6897723823029378, 0.6908106271385541, 0.6873083604773894, 0.6874415768584624, 0.689378569876482, 0.6887022659258188, 0.6892557050370928, 0.6875928053396002, 0.6886279731232503, 0.6897998046753976, 0.6874564408045735, 0.6883329664390099, 0.6893092941511706, 0.6877051479925359, 0.6871894189548976, 0.6867830874351075, 0.6878660073135104, 0.687754706380331, 0.6878128448113572, 0.686432778532735, 0.687750935857066, 0.685890430423814, 0.686156264719019, 0.6872541030046299, 0.6864766690331667, 0.687043202407469]
valid_loss = [0.7531751344601313, 0.8134092539548874, 0.8017522096633911, 0.7823081513245901, 0.8143098205327988, 0.7899372478326162, 0.796027734875679, 0.8265843441088995, 0.789839838941892, 0.7498038560152054, 0.7741113702456156, 0.7771958659092585, 0.7743657479683558, 0.7670533160368601, 0.8017966449260712, 0.7857541491587957, 0.7825122525294622, 0.774734283487002, 0.8021842290957769, 0.765825221935908, 0.7648783077796301, 0.7619985491037369, 0.7540848503510157, 0.763003890713056, 0.7631404101848602, 0.7835954378048579, 0.780926376581192, 0.770423466960589, 0.7622546404600143, 0.7799864908059438, 0.7847085893154144, 0.7643780410289764, 0.7802314609289169, 0.7845888684193293, 0.766812821229299, 0.7726360410451889, 0.7733198354641596, 0.7726321220397949, 0.7751843680938085, 0.7644648949305216, 0.8025319228569666, 0.7753895918528239, 0.7859699428081512, 0.7914938429991404, 0.802488331993421, 0.7810570448637009, 0.8000348458687464, 0.7764778435230255, 0.7930027494827906, 0.7673866500457128, 0.7852124820152918, 0.7853945891062418, 0.7758238663276037, 0.784684936205546, 0.7714278250932693, 0.7935474067926407, 0.7742866973082224, 0.785619854927063, 0.7968738476435343, 0.7794746408859888]
Score
Loss test 0.7914825081825256
Acc test 0.06944445
