train_acc = [0.5281567, 0.5414023, 0.5419575, 0.54187816, 0.54179883, 0.5419575, 0.54203683, 0.54187816, 0.54290926, 0.5452887, 0.5471923, 0.5626586, 0.59620875, 0.6288071, 0.66941625, 0.69828683, 0.7138325, 0.7305679, 0.7474619, 0.76538706, 0.78307426, 0.79766816, 0.80464786, 0.8136897, 0.82257295, 0.832408, 0.83494604, 0.84676397, 0.84113264, 0.8523953, 0.85826457, 0.8599302, 0.86342007, 0.87047905, 0.87166876, 0.8703998, 0.8811072, 0.87904507, 0.88237625, 0.8875317, 0.8843591]
valid_acc = [0.0, 0.0, 0.0, 0.0, 0.0, 0.0, 0.0, 0.0, 0.0, 0.17447917, 0.03515625, 0.19661458, 0.5598958, 0.22005208, 0.28125, 0.73307294, 0.3658854, 0.33854166, 0.33203125, 0.3919271, 0.3815104, 0.41796875, 0.71744794, 0.39322916, 0.38802084, 0.37760416, 0.36458334, 0.43489584, 0.41015625, 0.40234375, 0.3671875, 0.39322916, 0.5078125, 0.34635416, 0.3736979, 0.3450521, 0.44140625, 0.51171875, 0.42578125, 0.46875, 0.4375]
train_loss = [0.7162048002790073, 0.690510603074495, 0.6894261797672601, 0.690184279444254, 0.6901132745791208, 0.6902416160869115, 0.6895324418387437, 0.6895454798253055, 0.6890335370441378, 0.6874384199302208, 0.6868699492536826, 0.6817963047681121, 0.6656954503301437, 0.6412126252493883, 0.6110964019589012, 0.5840779036132212, 0.5622467235260203, 0.5376565686337234, 0.5155974207493255, 0.48505557022118934, 0.4636919769236279, 0.4410895628069863, 0.4287560147984984, 0.4088954992857076, 0.392443107318152, 0.3812635989509863, 0.37103162721026367, 0.35010515183664215, 0.35494795751753194, 0.3323845748368859, 0.3330686758012336, 0.32101055722551297, 0.3154087593107659, 0.30233824684232624, 0.3012677193595673, 0.3037480108326462, 0.28630414832061923, 0.28587046537907596, 0.280084386165372, 0.27185118031985867, 0.2730325395383206]
valid_loss = [0.7152091264724731, 0.740225707491239, 0.7586327642202377, 0.7344241937001547, 0.7327803522348404, 0.7626098444064459, 0.7795781493186951, 0.7575097382068634, 0.8031140069166819, 0.7124971946080526, 0.7749351561069489, 0.7997128317753474, 0.6788747807343801, 1.1404846906661987, 1.157909373442332, 0.515421099960804, 1.0686446378628414, 1.1909990807374318, 1.5060390532016754, 1.472617119550705, 1.4577279686927795, 1.49730251232783, 0.6064996396501859, 1.8372603356838226, 1.7992694278558095, 1.9336467683315277, 2.192942967017492, 1.780454029639562, 1.830658386150996, 2.1077285011609397, 2.302598218123118, 2.0707387228806815, 1.353177547454834, 2.59341170390447, 2.2566213409105935, 2.6249578992525735, 1.9648493826389313, 1.5569103459517162, 2.04923614859581, 2.1263480881849923, 1.9560746848583221]
Score
Loss test 1.9942167467541165
Acc test 0.49305555
