train_acc = [0.51007295, 0.52403235, 0.5317259, 0.5325984, 0.5391815, 0.5392608, 0.53981596, 0.54187816, 0.5504442, 0.5434645, 0.54608184, 0.5452094, 0.5467164, 0.5529822, 0.55036485, 0.5495717, 0.55092007, 0.55663073, 0.5531409, 0.55694795, 0.5609137, 0.5571066, 0.55409265, 0.5535374, 0.5553617, 0.55948603, 0.56440353, 0.5678934, 0.56495875, 0.56805205, 0.5653553, 0.5645622, 0.5726523, 0.5672589, 0.56852794, 0.5724937, 0.57177985, 0.5786009, 0.57725257, 0.57852155, 0.58383566, 0.5852633, 0.58803934, 0.5840736, 0.5874841]
valid_acc = [0.4518229, 0.069010414, 0.14973958, 0.055989582, 0.14322917, 0.013020833, 0.0, 0.022135416, 0.17838542, 0.046875, 0.111979164, 0.087239586, 0.075520836, 0.046875, 0.046875, 0.1953125, 0.28515625, 0.0703125, 0.015625, 0.46614584, 0.026041666, 0.072916664, 0.12630208, 0.14583333, 0.07421875, 0.091145836, 0.33984375, 0.091145836, 0.12760417, 0.37239584, 0.16015625, 0.18880208, 0.15625, 0.084635414, 0.087239586, 0.071614586, 0.0625, 0.083333336, 0.115885414, 0.17447917, 0.19010417, 0.29427084, 0.11328125, 0.15234375, 0.39322916]
train_loss = [0.7273879492948503, 0.6992821832598769, 0.6950498949452705, 0.692196629676722, 0.6902769791898389, 0.6893198937934062, 0.6900227641696253, 0.6876174786369208, 0.6870388682118527, 0.6873393663900152, 0.6872920905272972, 0.6874776633862917, 0.6865980044234222, 0.6855317880659539, 0.6861095882309269, 0.6857702517267411, 0.684760649797275, 0.684349156273198, 0.6841364623931458, 0.683450966619598, 0.6829052981991454, 0.6826682453833256, 0.6833230686671843, 0.6834039355292538, 0.6827487833608831, 0.6813559244731962, 0.6813904273933565, 0.6802460557313135, 0.6804769260024056, 0.6804028713158544, 0.6797735028460546, 0.6800208436656119, 0.6783341048332641, 0.6791623225671991, 0.6784683965184362, 0.675904482754354, 0.6769783390960112, 0.6747045507890924, 0.6751647518976086, 0.6744187362302984, 0.673903532439682, 0.6712039388375839, 0.6706783344902968, 0.6702681208019934, 0.6705658435821533]
valid_loss = [0.7084018836418787, 0.7884759803613027, 0.7488431334495544, 0.7650552541017532, 0.744282046953837, 0.8011473168929418, 0.8553361296653748, 0.7992568463087082, 0.7430820167064667, 0.8043410430351893, 0.773834228515625, 0.7899202754100164, 0.7857585847377777, 0.8091982702414194, 0.8129919767379761, 0.7505401770273844, 0.7350426614284515, 0.7925775647163391, 0.8639068504174551, 0.7048185070355734, 0.8592818826436996, 0.8231650938590368, 0.78874505062898, 0.7791125476360321, 0.8224938412507375, 0.8301791250705719, 0.7299255579710007, 0.8425205498933792, 0.8022468835115433, 0.723160038391749, 0.7892729341983795, 0.7778415431578954, 0.8010582576195399, 0.8453034261862437, 0.8422726094722748, 0.874546617269516, 0.8983844468990961, 0.8839036573966345, 0.8644687434037527, 0.8176284283399582, 0.81661157310009, 0.7799538870652517, 0.880409762263298, 0.8496130804220835, 0.7415304581324259]
Score
Loss test 0.746430926852756
Acc test 0.41493055
