train_acc = [0.5300603, 0.54187816, 0.54179883, 0.54179883, 0.54179883, 0.54187816, 0.5415609, 0.54179883, 0.54187816, 0.54179883, 0.54179883, 0.5444956, 0.54695433, 0.5621827, 0.5916085, 0.6175444, 0.65617067, 0.68044096, 0.7017766, 0.70899427, 0.7392925, 0.7589626, 0.754283, 0.77252537, 0.7943369, 0.8038547, 0.8053617, 0.8136897, 0.8209867, 0.8305044, 0.84010154, 0.83788073, 0.8385152, 0.84367067, 0.85604376, 0.8529505, 0.85747147, 0.8554886, 0.8632614, 0.8648477, 0.8678617, 0.87460345, 0.8719067, 0.87793463, 0.8840419, 0.88285214, 0.8799175]
valid_acc = [0.0, 0.0, 0.0, 0.0, 0.0, 0.0, 0.0, 0.0, 0.0, 0.0, 0.0, 0.23567708, 0.0, 0.071614586, 0.088541664, 0.24479167, 0.390625, 0.140625, 0.5338542, 0.68359375, 0.46875, 0.6901042, 0.58203125, 0.37109375, 0.46484375, 0.3294271, 0.3294271, 0.4453125, 0.38541666, 0.4934896, 0.5885417, 0.5520833, 0.5260417, 0.51953125, 0.4309896, 0.37109375, 0.5494792, 0.390625, 0.29947916, 0.27083334, 0.48046875, 0.54296875, 0.3606771, 0.44270834, 0.40234375, 0.4075521, 0.4622396]
train_loss = [0.7162917949221461, 0.6907585127099516, 0.6905043721199036, 0.6900390223198131, 0.6900205827001388, 0.6897141506829237, 0.6896996622158186, 0.689188344527017, 0.689116246809209, 0.689144307889309, 0.6889521264787858, 0.6871030194505217, 0.6860693281677168, 0.6802582247608204, 0.6667860005107628, 0.6508586630603383, 0.6179437942916367, 0.5993080948512566, 0.571772032885382, 0.5608322555341091, 0.5228868270585985, 0.5004243853733624, 0.5060723163754807, 0.4721168205520223, 0.44385728981289163, 0.4294710608605806, 0.41558377603588975, 0.4099046649212765, 0.3937293653409493, 0.37742048449020094, 0.36554549135229913, 0.36709092965888496, 0.3615159808379139, 0.34694642948015086, 0.33217883768117973, 0.3353820977931095, 0.32591221954314237, 0.3265164539898713, 0.3172756968264652, 0.31035443376466104, 0.3086595179768383, 0.29361133451389176, 0.2934214742806962, 0.2914668334846569, 0.274306968800005, 0.27904541972022373, 0.2785404480729006]
valid_loss = [0.7657015472650528, 0.7876704782247543, 0.813434436917305, 0.7738857567310333, 0.7880348364512125, 0.762164463599523, 0.7751675695180893, 0.8016809622446696, 0.7934800734122595, 0.8540157526731491, 0.7605876823266348, 0.7202881872653961, 0.8581364204486212, 0.9145752638578415, 1.1066654026508331, 1.011810188492139, 0.9554508576790491, 1.51115882396698, 0.7591603895028433, 0.6106664687395096, 1.1516476025183995, 0.587586909532547, 0.8637681007385254, 1.4352317154407501, 1.2407779196898143, 2.0847960809866586, 2.099598983923594, 1.444574197133382, 1.495489368836085, 1.374975562095642, 0.8646249820788702, 1.1394004275401433, 1.0284922868013382, 1.1493364423513412, 1.8511668741703033, 2.0645275910695395, 1.3387088378270466, 2.0932198762893677, 2.7054980198542276, 3.2772477070490518, 1.8050973812739055, 1.3245170414447784, 2.6980534394582114, 1.8275542954603832, 2.4438360035419464, 2.3802225987116494, 1.8677752912044525]
Score
Loss test 1.7808180650075276
Acc test 0.5434028
