train_acc = [0.53807104, 0.5414816, 0.54179883, 0.5421161, 0.54132295, 0.54132295, 0.5421161, 0.54179883, 0.55647206, 0.58264595, 0.609375, 0.6311072, 0.6450666, 0.6760787, 0.69804883, 0.70558375, 0.7184327, 0.73477155, 0.74516183, 0.7586453, 0.77046317, 0.7828363, 0.7898953, 0.7979061, 0.80472714, 0.81004125, 0.8190038, 0.81932104, 0.82106596, 0.82511103, 0.8340736, 0.8361358, 0.84367067, 0.8454949, 0.8459708, 0.84501904, 0.85540926, 0.85429883, 0.85636103, 0.8615958]
valid_acc = [0.0, 0.0, 0.0, 0.0, 0.0, 0.0, 0.125, 0.0013020834, 0.5677083, 0.0013020834, 0.55078125, 0.15625, 0.5260417, 0.13671875, 0.69921875, 0.46875, 0.34114584, 0.14583333, 0.3216146, 0.38671875, 0.546875, 0.5260417, 0.33984375, 0.4609375, 0.52734375, 0.4856771, 0.46875, 0.47135416, 0.27083334, 0.3971354, 0.3815104, 0.41145834, 0.44270834, 0.47395834, 0.4934896, 0.3059896, 0.36328125, 0.4309896, 0.50911456, 0.4674479]
train_loss = [1.6515396140553624, 0.6902089548595061, 0.6903096673452309, 0.6895704520535348, 0.6899482619943957, 0.6894522496891505, 0.6887147381220977, 0.6877971830101788, 0.6823045015335083, 0.6729509176941693, 0.6594410783748337, 0.6457891657872854, 0.6293515490396374, 0.6048725811660592, 0.5801418965238, 0.5693699768957148, 0.5432927268108135, 0.5295694880376612, 0.5121097582850964, 0.497210941490183, 0.4772310140471773, 0.46116889143353185, 0.4475532944129808, 0.4365818433198832, 0.4269022672309488, 0.41101481421344777, 0.4005534302462176, 0.3996489855843752, 0.39280792147980126, 0.3884948051066568, 0.3752785967237453, 0.3635368850933114, 0.3521186531649023, 0.34609326062166146, 0.3414558501261745, 0.3479114640787773, 0.32931693442884435, 0.32981364663482315, 0.3271487654011867, 0.3224467384028556]
valid_loss = [0.7612072924772898, 0.7844752271970113, 0.7584552317857742, 0.7867752561966578, 0.7551955034335455, 0.801777591307958, 0.7059847662846247, 0.801986907919248, 0.6692241579294205, 1.1714294850826263, 0.6677549133698145, 1.113517314195633, 0.7043126672506332, 1.4703097542126973, 0.5756891419490179, 1.000262091557185, 1.2536764244238536, 2.285176694393158, 1.5700142482916515, 1.4351713260014851, 0.9208024342854818, 0.9096394628286362, 1.6596894562244415, 1.24136749903361, 1.0999784270922344, 1.1183466613292694, 1.3564180384079616, 1.30142538746198, 2.73909721771876, 1.9951671262582142, 1.5337699552377064, 1.6807683408260345, 1.7263096272945404, 1.7053686181704204, 1.4650157392024994, 2.6840096910794577, 2.3950979312260947, 1.9401958485444386, 1.5768011212348938, 1.8495220641295116]
Score
Loss test 1.8488947285546198
Acc test 0.5225694
