train_acc = [0.53029823, 0.54005396, 0.5393401, 0.54187816, 0.54132295, 0.538547, 0.5404505, 0.5426713, 0.5393401, 0.54282993, 0.54544735, 0.5447335, 0.5452094, 0.54980963, 0.5608344, 0.55916876, 0.5752697, 0.5857392, 0.59081537, 0.61119926, 0.6173065, 0.6288864, 0.63594544, 0.65973985, 0.65537757, 0.6781409, 0.6848033, 0.6901967, 0.6924175, 0.7097874, 0.71089786, 0.72120875, 0.7193845, 0.73247147, 0.7377855, 0.7461929, 0.75452095, 0.74912757, 0.7617386, 0.7722081, 0.77625316, 0.77181154, 0.78132933, 0.78355014, 0.79100573, 0.7930679, 0.7974302, 0.79798543, 0.8089308, 0.8078998, 0.8174175, 0.81376904, 0.820828, 0.82479376]
valid_acc = [0.0, 0.0, 0.0, 0.0, 0.0, 0.0, 0.0, 0.0, 0.0, 0.0, 0.0, 0.0, 0.0, 0.095052086, 0.041666668, 0.13802083, 0.063802086, 0.046875, 0.5104167, 0.18359375, 0.3450521, 0.13671875, 0.076822914, 0.3450521, 0.25, 0.3359375, 0.5520833, 0.4921875, 0.71875, 0.5911458, 0.33984375, 0.4921875, 0.5703125, 0.53125, 0.67057294, 0.421875, 0.4440104, 0.26171875, 0.3971354, 0.4674479, 0.2955729, 0.69140625, 0.3450521, 0.328125, 0.22395833, 0.3138021, 0.22916667, 0.48958334, 0.5963542, 0.4700521, 0.29947916, 0.34895834, 0.44140625, 0.43229166]
train_loss = [0.7085339384635693, 0.6906164497288351, 0.6901365848362143, 0.6900018084472811, 0.6894251332065175, 0.6891977575224668, 0.6893308298841951, 0.688732938415508, 0.689247594872102, 0.6885335675350905, 0.6877995081964483, 0.6865072798002795, 0.6867680041318013, 0.6849924465121352, 0.6830148451824478, 0.6825944841815735, 0.6778789982577871, 0.6714642105368793, 0.6687151804793304, 0.6575820651756326, 0.6496550700991287, 0.6443896447946578, 0.6335173291603321, 0.6221290678542277, 0.6134102468563215, 0.6066615306181351, 0.5971150437587409, 0.5859410599403575, 0.5797437334121182, 0.5658893573102612, 0.559268510281132, 0.5521226661459444, 0.5474498017790353, 0.5333785647668209, 0.5249951521152167, 0.5200720087525809, 0.5054926468333617, 0.5106334615177309, 0.49229591676426415, 0.4854737039144874, 0.47437586291187306, 0.4714576161754918, 0.46811616390489685, 0.4558798566384969, 0.44670478795385604, 0.4425678372685679, 0.43543168161121115, 0.43442380776260103, 0.42034742092420607, 0.41386843544577584, 0.406072578681302, 0.40910261763533967, 0.4027326839224336, 0.39458427513916483]
valid_loss = [0.7700202812751135, 0.8061436315377554, 0.7540613810221354, 0.7831868777672449, 0.7885146737098694, 0.7972165594498316, 0.7486643691857656, 0.8314830362796783, 0.783548985918363, 0.7598351190487543, 0.8102138539155325, 0.8384977479775747, 0.8013519595066706, 0.7548114558060964, 0.8050213307142258, 0.7739274650812149, 0.8746071408192316, 0.973625565568606, 0.7002581705649694, 0.9494703759749731, 0.8305991043647131, 1.194510151942571, 1.5691210826237996, 0.9160447667042414, 1.167425403992335, 1.03890664378802, 0.7462528347969055, 0.8260069737831751, 0.5453829765319824, 0.6954515278339386, 1.135153164466222, 0.9625030954678854, 0.8091898560523987, 0.8588490386803945, 0.6167130470275879, 1.1491938680410385, 1.0690745264291763, 1.5324309766292572, 1.230276534954707, 1.0748614271481831, 1.6160982449849446, 0.6186400676767031, 1.5960275530815125, 1.5654163658618927, 2.05047478278478, 1.822383979956309, 2.1855860153834024, 1.057088499267896, 0.8908188839753469, 1.2023024956385295, 1.8949307302633922, 1.7401969730854034, 1.3709662854671478, 1.5183117985725403]
Score
Loss test 1.6729474200142755
Acc test 0.4513889
