train_acc = [0.54179883, 0.5419575, 0.5419575, 0.54187816, 0.54179883, 0.54179883, 0.54187816, 0.54187816, 0.54179883, 0.54179883, 0.54171956, 0.54187816, 0.54179883, 0.54187816, 0.5419575, 0.54187816, 0.54179883, 0.54179883, 0.54179883, 0.54171956, 0.54179883, 0.54179883, 0.54179883, 0.54187816, 0.5419575, 0.54179883, 0.54171956, 0.54171956, 0.54187816, 0.54187816, 0.54171956, 0.54179883, 0.54187816, 0.54179883, 0.54171956, 0.54179883, 0.54171956, 0.54179883, 0.54171956, 0.54171956, 0.54179883, 0.54187816, 0.54171956, 0.54187816, 0.54171956, 0.54171956, 0.54171956, 0.54187816, 0.54179883, 0.54171956, 0.54187816, 0.54171956, 0.54171956, 0.54187816, 0.54187816, 0.54171956]
valid_acc = [0.0, 0.0, 0.0, 0.0, 0.0, 0.0, 0.0, 0.0, 0.0, 0.0, 0.0, 0.0, 0.0, 0.0, 0.0, 0.0, 0.0, 0.0, 0.0, 0.0, 0.0, 0.0, 0.0, 0.0, 0.0, 0.0, 0.0, 0.0, 0.0, 0.0, 0.0, 0.0, 0.0, 0.0, 0.0, 0.0, 0.0, 0.0, 0.0, 0.0, 0.0, 0.0, 0.0, 0.0, 0.0, 0.0, 0.0, 0.0, 0.0, 0.0, 0.0, 0.0, 0.0, 0.0, 0.0, 0.0]
train_loss = [0.7120240584847891, 0.6913719277091438, 0.6906829222204721, 0.6905100738941715, 0.6903669059579143, 0.690230912060907, 0.6900606049498931, 0.6899277779656618, 0.6897862959029105, 0.6896587126146113, 0.6895316400503749, 0.6893849170147465, 0.6892585563780692, 0.6891355024376496, 0.6889877951689783, 0.6888826422884985, 0.6888016628734956, 0.6886612733608575, 0.688556873556321, 0.6884630410199238, 0.6883299629095242, 0.6882307577859327, 0.6881164593745004, 0.6879927340497826, 0.6878706147222955, 0.6877976979701047, 0.6877038130905423, 0.6876121795722071, 0.6874973952467671, 0.6873595188111823, 0.687250622637986, 0.6872079490405049, 0.6870821275686855, 0.6870030751688226, 0.6868805007886161, 0.6868005564370131, 0.6867167858908019, 0.6866011728490065, 0.6865185211757718, 0.686422471165052, 0.6863133435321943, 0.6862035399766138, 0.6861200278180505, 0.6860060395323081, 0.6859309107519044, 0.685843574819226, 0.6857432723045349, 0.6855950969729931, 0.6855180538850387, 0.6854347150943001, 0.6853182860437383, 0.6852637483988921, 0.6851406787252668, 0.6850158738605867, 0.6849185019580241, 0.6848378027151079]
valid_loss = [0.859975223739942, 0.7928420553604761, 0.7861835658550262, 0.7837243676185608, 0.7783998797337214, 0.7788475851217905, 0.7772329250971476, 0.7815192689498266, 0.786650687456131, 0.7792633573214213, 0.7818463643391927, 0.785653551419576, 0.780890554189682, 0.7820604840914408, 0.7870716750621796, 0.7905891040960947, 0.7869905034701029, 0.7789386858542761, 0.7786681403716406, 0.7827146450678507, 0.780314122637113, 0.780045876900355, 0.7766724725564321, 0.7837283164262772, 0.7776485830545425, 0.7757220218578974, 0.7751835286617279, 0.7746208608150482, 0.7782669017712275, 0.7837884972492853, 0.7705556998650233, 0.778382216890653, 0.7770843654870987, 0.7797867357730865, 0.7717076738675436, 0.7747434079647064, 0.7792346378167471, 0.7808453490336736, 0.7819198469320933, 0.7807355374097824, 0.7750109881162643, 0.7793871064980825, 0.7831622759501139, 0.7860220968723297, 0.774121955037117, 0.7793988088766733, 0.781164139509201, 0.7814064572254816, 0.7767895857493082, 0.7806853751341502, 0.7830863644679388, 0.7775534441073736, 0.7791594217220942, 0.7792071004708608, 0.7754730135202408, 0.773385152220726]
Score
Loss test 0.7803637517823113
Acc test 0.0
