train_acc = [0.5409264, 0.54100573, 0.54275066, 0.54394037, 0.5479061, 0.55020624, 0.5599619, 0.56749684, 0.57899743, 0.58978426, 0.60049176, 0.60913706, 0.61619604, 0.62539655, 0.6353902, 0.6430044, 0.64839786, 0.6579949, 0.6565673, 0.6684645, 0.67266816, 0.6723509, 0.68171, 0.69051397, 0.6913071, 0.6931313, 0.70828044, 0.7080425, 0.71526015, 0.71787757, 0.72358817, 0.7241434, 0.73239213, 0.74381346, 0.73834074, 0.74920684, 0.7503173, 0.751507, 0.75824875, 0.76054883, 0.7684803, 0.77046317, 0.77339786, 0.7712563, 0.77657044, 0.7802189, 0.78489846, 0.7878331, 0.79600257, 0.789578, 0.801158, 0.80361676, 0.80472714, 0.80512375, 0.80409265, 0.8160692, 0.8148794, 0.8218591, 0.8177348]
valid_acc = [0.0, 0.0, 0.0, 0.79557294, 0.0, 0.106770836, 0.055989582, 0.20182292, 0.115885414, 0.2799479, 0.24088542, 0.14192708, 0.3046875, 0.3450521, 0.12760417, 0.29166666, 0.4765625, 0.59375, 0.25520834, 0.421875, 0.37109375, 0.3515625, 0.38020834, 0.29427084, 0.40364584, 0.41796875, 0.27864584, 0.41666666, 0.4986979, 0.3893229, 0.69661456, 0.4453125, 0.31510416, 0.73046875, 0.26171875, 0.55078125, 0.51953125, 0.5494792, 0.6770833, 0.25520834, 0.4453125, 0.3893229, 0.3684896, 0.64453125, 0.3763021, 0.23697917, 0.36328125, 0.36197916, 0.14713542, 0.56901044, 0.47265625, 0.43359375, 0.20703125, 0.6770833, 0.5677083, 0.44010416, 0.4075521, 0.50651044, 0.37239584]
train_loss = [0.6895232648413798, 0.6881631876006344, 0.6868210395580621, 0.6852345735893637, 0.6839622622213993, 0.6824899013272396, 0.6803384662279622, 0.678227540805255, 0.6756103973703336, 0.6729965787853687, 0.6696650089346213, 0.6659888252994131, 0.6621917710086416, 0.657361259012658, 0.651596395194833, 0.6458678414978957, 0.6403793762177985, 0.632876236124087, 0.6287665191640709, 0.6197100596379508, 0.6125885953152845, 0.6073081693068374, 0.6003905173183093, 0.5929764370022691, 0.5896278069104035, 0.584961556541133, 0.572752346090859, 0.5720364378793591, 0.5622744505780602, 0.557117358984681, 0.5497961071542072, 0.5450767599386612, 0.5390725294648088, 0.5293832530224989, 0.5271575015208443, 0.5161482853635313, 0.5124072673054516, 0.5113954696861015, 0.5004680155194955, 0.5010452653248298, 0.4894697118531629, 0.4865685392757358, 0.477054450112551, 0.48009671671741505, 0.4767169273141677, 0.46749342894796186, 0.45932063067019896, 0.4536471843416921, 0.4457326068490895, 0.45214469859442735, 0.43473647527283216, 0.4309523760667307, 0.42981865033885547, 0.42542997441316016, 0.43196019212606596, 0.40960732858798227, 0.4125361451642767, 0.40479583410442177, 0.4039164067524944]
valid_loss = [0.7815294663111368, 0.7907288869222006, 0.7760800868272781, 0.6704723586638769, 0.7976975540320078, 0.7495620101690292, 0.7714952776829401, 0.7514260113239288, 0.7805271695057551, 0.7510365595420202, 0.7729649692773819, 0.8257609407107035, 0.7748644004265467, 0.7709179172913233, 0.9103281001249949, 0.8182200441757838, 0.720693439245224, 0.6651770273844401, 0.9001371810833613, 0.7768888175487518, 0.8554016202688217, 0.8706756184498469, 0.844851498802503, 0.9886234054962794, 0.856316328048706, 0.8367657313744227, 1.0854311883449554, 0.8700302690267563, 0.7837049265702566, 0.9325762589772543, 0.5622240453958511, 0.8688649733861288, 1.108799770474434, 0.5180082147320112, 1.2651883959770203, 0.7536050031582514, 0.7976428170998892, 0.7529815683762232, 0.5906805867950121, 1.3871275583902996, 0.9393198390801748, 1.0937930444876354, 1.1070876916249592, 0.6529440035422643, 1.1231119732062023, 1.5439957578976948, 1.21145095427831, 1.2388144930203755, 2.1047438085079193, 0.776743104060491, 0.9900627632935842, 1.0664567947387695, 1.9214529891808827, 0.582028662165006, 0.8062024811903635, 1.116074840227763, 1.2105425993601482, 0.9975947091976801, 1.3405136962731679]
Score
Loss test 1.3755903244018555
Acc test 0.43229166
