train_acc = [0.5190355, 0.5324397, 0.53981596, 0.5377538, 0.5394194, 0.5398953, 0.54116434, 0.5430679, 0.54290926, 0.5412437, 0.54275066, 0.53949875, 0.54116434, 0.5433058, 0.5462405, 0.5492544, 0.5521891, 0.55544096, 0.55845493, 0.55647206, 0.559724, 0.5669416, 0.57907677, 0.57614213, 0.5833598, 0.59248096, 0.5981123, 0.61080265, 0.6092164, 0.61714786, 0.62864846, 0.6325349, 0.64768404, 0.6497462, 0.65855014, 0.66735405, 0.6735406, 0.68297905, 0.6897208, 0.6927348, 0.7036009, 0.70605963, 0.7120876, 0.72017765]
valid_acc = [0.033854168, 0.0, 0.0, 0.0, 0.0, 0.0, 0.0, 0.0, 0.0, 0.0, 0.0, 0.0390625, 0.03515625, 0.0052083335, 0.0, 0.0078125, 0.0, 0.0, 0.359375, 0.03125, 0.076822914, 0.083333336, 0.080729164, 0.27604166, 0.16927083, 0.19270833, 0.19140625, 0.20052083, 0.18489583, 0.1328125, 0.13671875, 0.3033854, 0.1875, 0.19401042, 0.20052083, 0.3294271, 0.36197916, 0.29166666, 0.35677084, 0.45833334, 0.390625, 0.46484375, 0.54817706, 0.35677084]
train_loss = [0.7074329444599635, 0.691021823035884, 0.6906201679089348, 0.6904410583718779, 0.6893112293354751, 0.6897707230548569, 0.6890839925272211, 0.688942150416108, 0.6883720431836123, 0.6888919318387956, 0.6888453636677737, 0.6883289266358777, 0.6878247236842432, 0.6877922654757039, 0.6865584674825523, 0.6856758721588831, 0.6849970766130438, 0.684657570371773, 0.6831261905921897, 0.6831516172680153, 0.6815411987038433, 0.6809163296283199, 0.6752483315274195, 0.675462425965343, 0.673834598306472, 0.6674556223874165, 0.6644796798677008, 0.65980693259215, 0.6579422905360381, 0.64983036312355, 0.6457389351075071, 0.6384747004145899, 0.6298062928436976, 0.6243650256679748, 0.6170301742965195, 0.6099751513016406, 0.6038647115533122, 0.5956394900827844, 0.583999406867826, 0.5793872994517312, 0.5686716467595948, 0.5675572754465384, 0.5572461278608003, 0.5517096244139115]
valid_loss = [0.7544060895840327, 0.7874092161655426, 0.7784409473339716, 0.8169661164283752, 0.7833266407251358, 0.8016616404056549, 0.7863980333010355, 0.7597886820634207, 0.8524754792451859, 0.8214535862207413, 0.7851810256640116, 0.7434516946474711, 0.7509622921546301, 0.761814534664154, 0.8169812659422556, 0.7990907430648804, 0.8518246163924535, 0.8416554729143778, 0.7218714753786722, 0.8210385590791702, 0.8025063325961431, 0.8091763854026794, 0.854019875327746, 0.7673292656739553, 0.8409305910269419, 0.8572846601406733, 0.870836560924848, 0.9096807738145193, 0.9131717632214228, 1.0392236212889354, 1.093648503224055, 0.909361278017362, 1.141648938258489, 1.190473049879074, 1.142354557911555, 1.0095976044734318, 0.998310407002767, 1.1445427139600117, 1.0173666377862294, 0.8815790365139643, 1.0425537725289662, 0.9051952312390009, 0.8238887190818787, 1.1358427206675212]
Score
Loss test 1.1247070100572374
Acc test 0.4079861
