train_acc = [0.52609456, 0.5414816, 0.5419575, 0.54187816, 0.54179883, 0.54179883, 0.54179883, 0.54171956, 0.54179883, 0.54179883, 0.54187816, 0.5437024, 0.56440353, 0.5720178, 0.5714626, 0.5759835, 0.5823287, 0.58502537, 0.59041876, 0.58740485, 0.5944638, 0.5837563, 0.58224934, 0.6004124, 0.59874684, 0.60826457, 0.609375, 0.6056472, 0.6044575, 0.6174651, 0.6066783, 0.61302346, 0.6013642, 0.60961294, 0.6160374, 0.61762375, 0.61389595, 0.6147684, 0.59232235, 0.6147684, 0.6185755, 0.6178617, 0.6207963, 0.6211136, 0.61928934, 0.61881346, 0.6281726, 0.62095493, 0.62388957, 0.6153236]
valid_acc = [0.0, 0.0, 0.0, 0.0, 0.0, 0.0, 0.0, 0.0, 0.0, 0.0, 0.0, 0.0, 0.071614586, 0.13671875, 0.16276042, 0.27864584, 0.20052083, 0.15885417, 0.1015625, 0.14322917, 0.17447917, 0.13020833, 0.2981771, 0.15364583, 0.3971354, 0.19661458, 0.19270833, 0.22265625, 0.2734375, 0.26041666, 0.21614583, 0.4075521, 0.3893229, 0.36979166, 0.36328125, 0.2825521, 0.4765625, 0.3268229, 0.32552084, 0.28125, 0.41927084, 0.39583334, 0.52734375, 0.34765625, 0.18359375, 0.33854166, 0.5234375, 0.39453125, 0.45833334, 0.4283854]
train_loss = [0.7942869085345776, 0.6899145762932483, 0.6883675362252947, 0.6884052411553824, 0.6849120583025937, 0.6845858124306965, 0.6852617327331891, 0.6796124725777486, 0.6784386444212821, 0.6771663155047422, 0.6764089925035002, 0.6732212501734042, 0.6707495553844471, 0.6711181111747239, 0.6695936612671401, 0.6677712401762832, 0.6660424083622579, 0.665068279063036, 0.6627337908381739, 0.6628632255012009, 0.6599543315505013, 0.6622327045740815, 0.6634746209013885, 0.6582734838960135, 0.6578548647425502, 0.6532821180251649, 0.6533559218881094, 0.6554429131716036, 0.6520709788738773, 0.6467307924014057, 0.6523527772293478, 0.6462587193789215, 0.6539266672231219, 0.6495181927221075, 0.6472955981486945, 0.6450893821450054, 0.6488156288408385, 0.6463499916386484, 0.6544045022296422, 0.6487723455816357, 0.6424437068440587, 0.6463040972724179, 0.6420574645100511, 0.6432998725000372, 0.6428212105925313, 0.6436247786289544, 0.6401143276751949, 0.642771622251133, 0.642894524305605, 0.6438626090282111]
valid_loss = [0.8543882419665655, 0.7270800719658533, 0.7620896399021149, 0.7568733890851339, 0.807679628332456, 0.7997489074865977, 0.8227464358011881, 0.7688593566417694, 0.8274762829144796, 0.8705252657334009, 0.8809240410725275, 0.8715627938508987, 0.8898677279551824, 0.8475423405567805, 0.8398597290118536, 0.7949453443288803, 0.8072634985049566, 0.8853025982777277, 1.0342526237169902, 0.9898143410682678, 0.9671169370412827, 0.8664620021979014, 0.8427085479100546, 1.0286930600802104, 0.8499447852373123, 1.055983026822408, 1.0574062714974086, 1.0230545153220494, 0.9813680648803711, 1.0308509816726048, 1.0595832169055939, 0.892458568016688, 0.8585722396771113, 0.9433255692323049, 0.9567989756663641, 1.0276564260323842, 0.8795229345560074, 0.999881366888682, 1.0114973783493042, 1.0670854896306992, 0.8959399908781052, 0.9491741259892782, 0.8511142581701279, 1.0013702561457951, 1.1783361434936523, 0.9024370710055033, 0.8614962349335352, 0.9948551505804062, 0.854726975162824, 0.8977624227603277]
Score
Loss test 0.9394767218165927
Acc test 0.43055555
