train_acc = [0.53355014, 0.5436231, 0.5436231, 0.54290926, 0.5529822, 0.55203044, 0.5578998, 0.56829, 0.5769353, 0.5857392, 0.596526, 0.60485405, 0.61302346, 0.62198603, 0.62420684, 0.6319797, 0.6401491, 0.6496669, 0.6537119, 0.6552189, 0.6604537, 0.6657678, 0.670368, 0.67385787, 0.6783788, 0.6846447, 0.6842481, 0.6880552, 0.6987627, 0.6954315, 0.701618, 0.6992386, 0.71050125, 0.71018404, 0.7134359, 0.721526, 0.7239848, 0.7294575, 0.7311231, 0.73175764, 0.7357234, 0.73088515, 0.74960345, 0.7494448, 0.75230014, 0.7517449]
valid_acc = [0.0, 0.0, 0.0, 0.026041666, 0.0, 0.0065104165, 0.10546875, 0.078125, 0.1484375, 0.30208334, 0.20572917, 0.065104164, 0.234375, 0.2747396, 0.18098958, 0.3033854, 0.24609375, 0.37239584, 0.4544271, 0.4934896, 0.5651042, 0.3606771, 0.2903646, 0.32421875, 0.33072916, 0.45572916, 0.4856771, 0.52213544, 0.3515625, 0.3502604, 0.4375, 0.4674479, 0.21614583, 0.57942706, 0.3515625, 0.4205729, 0.28515625, 0.34635416, 0.453125, 0.35546875, 0.32291666, 0.4296875, 0.38802084, 0.5963542, 0.38671875, 0.36328125]
train_loss = [0.6940215928905507, 0.6872603617948929, 0.6861357359111612, 0.6846833806957691, 0.6831336929108286, 0.681598889041068, 0.6798828803948339, 0.6777105165011992, 0.6760138442673659, 0.6734736946028501, 0.671172974375904, 0.6680040952517902, 0.6654154552420989, 0.6620137609806157, 0.6580075791039443, 0.6535733003301669, 0.6491989202910874, 0.6446197290105868, 0.6392402397799613, 0.6341334638861835, 0.6299119585661719, 0.6235194977769997, 0.6166597731827479, 0.6117851743238226, 0.6078821804922849, 0.6017150301013501, 0.5969884916005401, 0.5926687861154527, 0.5870848196714663, 0.5835507404683206, 0.5780036880582722, 0.5767829161004971, 0.5688000501412426, 0.5645658602266748, 0.5621650073734031, 0.5523847547279397, 0.5499414045193474, 0.5436071334454009, 0.541096017899247, 0.5375524757779794, 0.5348329232428884, 0.5356410316706914, 0.5177101663829107, 0.5156495565085242, 0.513355105358937, 0.5100064406237627]
valid_loss = [0.8255388389031092, 0.7851805339256922, 0.7720557848612467, 0.7542703996102015, 0.8107234487930933, 0.7911911805470785, 0.7610805332660675, 0.7825181831916174, 0.7729432036479315, 0.7434871147076288, 0.7816242277622223, 0.8523788948853811, 0.7877396792173386, 0.7840460340181986, 0.8304256647825241, 0.7955541759729385, 0.8355253984530767, 0.7719854662815729, 0.7401149918635687, 0.7219924877087275, 0.6907835900783539, 0.8354943593343099, 0.9034363031387329, 0.8913239538669586, 0.9037408034006754, 0.782393217086792, 0.7673697620630264, 0.7418127705653509, 0.9130676339070002, 0.9425074458122253, 0.8475300073623657, 0.8226918776830038, 1.2257055342197418, 0.7070746570825577, 0.9880940020084381, 0.8911555906136831, 1.1297735770543416, 1.0439247290293376, 0.8631745676199595, 1.0298920720815659, 1.1388655106226604, 0.8878738035758337, 1.0009534905354183, 0.6945940802494684, 1.0260596026976903, 1.1097439328829448]
Score
Loss test 1.1587524149152968
Acc test 0.3715278
