train_acc = [0.53355014, 0.5414816, 0.54187816, 0.5421161, 0.54187816, 0.54187816, 0.5419575, 0.54187816, 0.54187816, 0.5422748, 0.5434645, 0.54711294, 0.5701142, 0.6051713, 0.6423699, 0.669099, 0.6978902, 0.71732235, 0.73072654, 0.75515544, 0.7698287, 0.77712566, 0.7891815, 0.80369604, 0.8099619, 0.81543463, 0.8276491, 0.83217007, 0.8405774, 0.84287757, 0.84470177, 0.8486675, 0.8561231, 0.8569956, 0.85977155, 0.8639752, 0.8717481, 0.8755552, 0.87698287, 0.87904507, 0.8784105, 0.8803141, 0.88562816, 0.8874524]
valid_acc = [0.0, 0.0, 0.0, 0.0, 0.0, 0.0, 0.0, 0.0, 0.0, 0.0, 0.0, 0.026041666, 0.16145833, 0.28385416, 0.41666666, 0.29427084, 0.111979164, 0.64713544, 0.63932294, 0.39322916, 0.2721354, 0.6119792, 0.4140625, 0.484375, 0.49609375, 0.3606771, 0.4361979, 0.3893229, 0.4908854, 0.45052084, 0.4544271, 0.36458334, 0.41927084, 0.4309896, 0.34765625, 0.36979166, 0.37890625, 0.4127604, 0.359375, 0.45052084, 0.3984375, 0.4622396, 0.3984375, 0.36458334]
train_loss = [0.7182845010370167, 0.6902192298530927, 0.6906008218145613, 0.6901530711178853, 0.6899260518514565, 0.6896527473091474, 0.6893863417775498, 0.689781593489768, 0.6891932729537111, 0.6886399769540971, 0.6887275292183542, 0.6864221828238009, 0.6793475886286818, 0.6607361829220341, 0.6348115562787516, 0.6104999384299148, 0.5776976941503243, 0.5551701402906234, 0.5357259949149215, 0.5059641065633842, 0.49125726861397023, 0.4681678901469042, 0.45176561925616965, 0.432710964743256, 0.4146752461866679, 0.40728643876949544, 0.38607050251537167, 0.37789793894980767, 0.362188549286823, 0.35972415803350166, 0.3506751621737698, 0.3404474400626826, 0.32998163831718075, 0.3273906825006311, 0.3195381570739794, 0.3168032580825883, 0.2992080965925594, 0.29248702866474385, 0.2893216972272408, 0.2824552594707702, 0.28525282291288906, 0.284108297095686, 0.2702642194359436, 0.2733853034259099]
valid_loss = [0.7358965327342352, 0.7853230883677801, 0.7322019537289938, 0.7317854116360346, 0.7630197952191035, 0.7774589608112971, 0.7350378483533859, 0.785383328795433, 0.7501734048128128, 0.8441382249196371, 0.7654639283816019, 0.7956669082244238, 0.8393586923678716, 0.8775516251722971, 0.8453861773014069, 1.0136203914880753, 1.8567706644535065, 0.6788380841414133, 0.6453589896361033, 1.312895764907201, 1.758554716904958, 0.7741078486045202, 1.569545050462087, 1.2211885452270508, 1.2068975865840912, 1.9757590393225353, 1.3964781363805134, 1.9295331835746765, 1.3644432922204335, 1.593953251838684, 1.6442603667577107, 2.0623667438824973, 1.8674818277359009, 2.0917466481526694, 2.5881558656692505, 2.2539840837319693, 2.3836069802443185, 2.137570093075434, 2.463522791862488, 1.8304412762324016, 2.230953484773636, 1.9212719798088074, 2.457166532675425, 2.6235455175240836]
Score
Loss test 2.3956606917911105
Acc test 0.4392361
